Date,Open,High,Low,Close,Volume,Dividends,Stock Splits
2011-07-14,40.864050610205396,41.10435902342288,40.11451535528996,40.228946685791016,2232100,0.0,0
2011-07-15,40.669522022459695,40.74390196090297,40.257562192025496,40.46926498413086,1934700,0.0,0
2011-07-18,39.851316328917086,40.05157332247445,39.479407989296234,39.77121353149414,2491200,0.0,0
2011-07-19,40.343378284580886,40.583686673394354,40.28043974961426,40.520748138427734,3990000,0.0,0
2011-07-20,40.98993864123078,41.11009287993242,40.577978756952824,40.90983581542969,2326400,0.0,0
2011-07-21,40.7725060713608,41.38472285140204,40.560803309935174,41.1043586730957,2580700,0.0,0
2011-07-22,41.373268127441406,41.53347370014688,41.08146699084549,41.373268127441406,1349100,0.0,0
2011-07-25,41.02998871586709,41.47627712085286,40.967050159751,41.14442443847656,1315900,0.0,0
2011-07-26,41.64792154065743,41.991219920385554,41.298900284439036,41.59070587158203,2132300,0.0,0
2011-07-27,41.87678387260526,41.87678387260526,40.692401758314304,40.76105880737305,2413300,0.0,0
2011-07-28,40.429207084272015,40.88693676048116,40.31477139126322,40.589412689208984,2691100,0.0,0
2011-07-29,40.320491517427975,41.08147245425602,39.89136751978021,40.61229705810547,2570700,0.0,0
2011-08-01,41.218795856671235,41.218795856671235,39.78265948329158,40.217506408691406,2964100,0.0,0
2011-08-02,39.067442323424444,39.50801200767991,38.352235765466986,38.36940002441406,3830000,0.0,0
2011-08-03,38.7069865852999,38.741315109220935,37.60843016707518,38.40945816040039,2900600,0.0,0
2011-08-04,35.9262651828778,36.155130028154495,34.644613755304896,34.673221588134766,6918000,0.0,0
2011-08-05,35.800390062676804,35.86332860793693,32.72786237632083,33.86647033691406,7702600,0.0,0
2011-08-08,31.989766634706534,32.66492196460237,29.95857995152128,29.992908477783203,8013500,0.0,0
2011-08-09,33.13410332879626,34.238382895448,31.36611188324942,34.232662200927734,7778000,0.0,0
2011-08-10,32.89891560645568,33.17605608658968,31.721066913998634,31.8769588470459,7912600,0.54,0
2011-08-11,32.32153843084164,34.1171798218634,32.02707736467705,33.72456359863281,3716400,0.0,0
2011-08-12,34.47514878180636,35.08139363984487,33.90932010080266,34.5617561340332,3571100,0.0,0
2011-08-15,35.16223342807034,35.716514397745144,34.93128192278077,35.57217025756836,2549400,0.0,0
2011-08-16,34.74074103469777,35.78579323505506,34.550207945498606,35.11026382446289,3322000,0.0,0
2011-08-17,35.814664767092715,36.23037656555863,35.18532427331143,35.601036071777344,2174900,0.0,0
2011-08-18,33.984385050327006,34.0363490294031,32.910464284432315,33.25688934326172,3427100,0.0,0
2011-08-19,32.529389076218465,33.74187873257521,32.26956923485164,32.321533203125,3389500,0.0,0
2011-08-22,33.50515969366305,33.50515969366305,32.1021345343792,32.15409851074219,3302900,0.0,0
2011-08-23,32.44278498571349,33.62063358316217,32.14832393760961,33.597537994384766,3143300,0.0,0
2011-08-24,33.28575688874577,33.99015473759896,33.00284142798552,33.63795471191406,3423100,0.0,0
2011-08-25,33.868908275065465,34.19223993540029,32.74879856295032,32.89314270019531,2570800,0.0,0
2011-08-26,32.85849294311368,33.89777008925927,32.10790401548167,33.84580612182617,2201900,0.0,0
2011-08-29,34.440512846167245,35.01211440983259,34.31348929756748,34.93128204345703,1671900,0.0,0
2011-08-30,34.290392400906136,35.208421188750215,34.111407082893905,34.989017486572266,2822200,0.0,0
2011-08-31,35.5779362358346,36.01096857337768,35.069846545595844,35.31234359741211,3077900,0.0,0
2011-09-01,35.31234679941641,35.57793946192195,34.83889824363991,34.87931442260742,2254800,0.0,0
2011-09-02,34.32503515121943,34.729199162748856,33.83426377917774,34.163368225097656,2327300,0.0,0
2011-09-06,32.258030569589096,33.21070285667043,32.25225777259914,33.193382263183594,3215200,0.0,0
2011-09-07,33.83426399980797,34.56175966580821,33.71879045506086,34.50402069091797,2274900,0.0,0
2011-09-08,34.094092500062594,34.55022060568701,33.453204033112364,33.56867980957031,3268600,0.0,0
2011-09-09,32.87582362206266,33.285762692087765,32.246483024437644,32.587135314941406,3202900,0.0,0
2011-09-12,31.824989925699825,32.437009767498125,31.501660517027553,32.4196891784668,3184600,0.0,0
2011-09-13,32.286890915933796,33.037482083617256,31.92314532822847,32.76034164428711,2657300,0.0,0
2011-09-14,32.82962381837634,33.02015689297241,31.801894488545013,32.57557678222656,3507500,0.0,0
2011-09-15,33.25111912220799,33.53980742776544,32.846955053924155,33.42433166503906,2438800,0.0,0
2011-09-16,33.5629070588961,33.66106003738664,32.9739825804011,33.176063537597656,1893600,0.0,0
2011-09-19,31.76148326754864,32.009755361978705,31.42660601152559,31.824995040893555,3224500,0.0,0
2011-09-20,32.061722649035175,32.44279112591802,31.490121034969416,31.588274002075195,3304000,0.0,0
2011-09-21,31.241843321571363,31.328448476597632,29.602093944384777,29.6136417388916,7474300,0.0,0
2011-09-22,27.54663434574448,27.66788289120488,26.108967986675793,26.5997371673584,12316000,0.0,0
2011-09-23,26.1782544804446,26.934618600522505,26.11474270362289,26.81336784362793,4277700,0.0,0
2011-09-26,26.576634901359306,27.396510532019736,26.120509220744765,27.356094360351562,6442800,0.0,0
2011-09-27,28.27990345292251,28.978528557185815,28.072047540327898,28.297224044799805,6003400,0.0,0
2011-09-28,28.53394652969814,28.545494324387395,26.853780946453263,26.998125076293945,4834200,0.0,0
2011-09-29,27.62746280025604,27.708297354975397,26.166701057546256,26.79604148864746,5225700,0.0,0
2011-09-30,25.69902978282064,26.143609999470097,25.450759887695312,25.450759887695312,4391800,0.0,0
2011-10-03,24.786771001540384,25.49694376577714,24.41147543065566,24.423023223876953,6918800,0.0,0
2011-10-04,24.0535025988393,25.352599599454155,23.383746011067405,25.329504013061523,8500000,0.0,0
2011-10-05,25.629746087569295,26.3168256288216,25.248677632070475,26.27640724182129,7108400,0.0,0
2011-10-06,26.94616186758476,27.956570805197515,26.715212574783287,27.75448989868164,8323900,0.0,0
2011-10-07,28.66097178877172,28.926564475013393,27.742942979791373,28.066274642944336,8753100,0.0,0
2011-10-10,29.284537877134035,29.677154087980153,29.197930517896914,29.67137908935547,5126700,0.0,0
2011-10-11,28.82262805009925,29.550123527803283,28.655190572546772,29.446195602416992,4569700,0.0,0
2011-10-12,30.1910248575562,30.745305900108995,30.052453495659464,30.225666046142578,4265400,0.0,0
2011-10-13,29.844594617927555,30.323818236385247,29.284540833214784,30.14483070373535,4233300,0.0,0
2011-10-14,31.05130818266967,31.189879514978795,30.41619489900129,30.895416259765625,3232400,0.0,0
2011-10-17,30.687565510538946,30.70488610279633,29.44620500670072,29.51548957824707,4177900,0.0,0
2011-10-18,28.660974716894998,29.630967602935602,28.048956916726343,29.411563873291016,8076800,0.0,0
2011-10-19,28.77644897051942,28.903472523521692,27.5350884366796,27.650564193725586,7070400,0.0,0
2011-10-20,27.68520380479259,27.846868521092624,27.00389935393305,27.66788101196289,5418600,0.0,0
2011-10-21,28.649424696565212,29.12864830536567,28.568592329422202,29.122873306274414,3811300,0.0,0
2011-10-24,30.41041743159127,31.680646098321215,30.31803728505726,31.478565216064453,6760900,0.0,0
2011-10-25,30.756852758622657,30.791496148668994,29.86769223675306,30.07554817199707,4725200,0.0,0
2011-10-26,30.756845970570875,30.889642299331438,29.76375770025437,30.77994155883789,4099400,0.0,0
2011-10-27,33.372367779706565,34.03057676590314,32.465886673801876,33.534034729003906,6831800,0.0,0
2011-10-28,32.79499358567282,33.77653434033997,32.76035239596037,33.591773986816406,3324300,0.0,0
2011-10-31,32.19451284152891,32.25802460926818,31.17833116525027,31.212974548339844,4589700,0.0,0
2011-11-01,29.75221426990792,30.57209015350686,29.54435835005138,30.000486373901367,7411400,0.0,0
2011-11-02,30.80881364670413,31.363094616648254,30.53744595823456,31.0455379486084,3986700,0.0,0
2011-11-03,31.4554685335798,32.40236555321327,30.935831053362488,32.321533203125,6339900,0.0,0
2011-11-04,32.10791000792953,32.63909537192425,31.501665076408003,32.35618209838867,3322900,0.0,0
2011-11-07,32.084813631822136,32.52362102852278,31.761481981754123,32.4543342590332,3605700,0.0,0
2011-11-08,32.96820651494091,33.38969341636166,32.51785342344449,33.29153823852539,4156400,0.0,0
2011-11-09,32.05016757035724,32.240702866765716,31.16678225705081,31.236066818237305,5045400,0.0,0
2011-11-10,31.680641204184205,31.755700749934007,30.9416001460818,31.415048599243164,3675900,0.0,0
2011-11-11,31.449702800186714,32.1771963168546,31.443927801017157,32.03285217285156,3134300,0.0,0
2011-11-14,31.674876026733685,31.790351770460962,30.930059792335182,31.201427459716797,2944400,0.0,0
2011-11-15,31.542080766701194,32.21761025636296,31.403509429005176,31.95779037475586,3620800,0.0,0
2011-11-16,31.189884177786645,31.547857052869396,30.756851728043706,30.79726791381836,3332800,0.0,0
2011-11-17,30.72797972139157,30.74530031253696,29.619415635236496,29.890783309936523,4751000,0.0,0
2011-11-18,30.035132126998064,30.08132111142808,29.503944489692284,29.809955596923828,3005900,0.0,0
2011-11-21,28.2568042178847,28.42424392616028,27.702523324127416,28.245256423950195,4924000,0.0,0
2011-11-22,27.962344299057662,28.23371196107425,27.488895741401006,27.86418914794922,4205000,0.0,0
2011-11-23,27.177115845939046,27.182890845233814,26.669023831327294,26.744083404541016,3611200,0.0,0
2011-11-25,27.096280827857655,27.50044484083402,26.732532995927254,26.75562858581543,2364000,0.0,0
2011-11-28,28.545492960293416,28.684064287425926,27.93347528862585,28.268352508544922,3620400,0.0,0
2011-11-29,27.98544488543727,28.41847734129603,27.789136750680623,28.054729461669922,2923200,0.0,0
2011-11-30,29.90233141718624,30.81458520147709,29.844592441904098,30.641372680664062,5354700,0.0,0
2011-12-01,30.479705061065488,30.681785949075024,29.734888869516364,30.115957260131836,3647000,0.0,0
2011-12-02,30.393098208484567,30.479705563353885,29.965840837504448,30.139053344726562,4621200,0.0,0
2011-12-05,30.676021444403972,30.999350952608047,30.318046342439334,30.54899787902832,4419100,0.0,0
2011-12-06,30.48548539444997,30.7048891289063,30.104416909613732,30.36423683166504,2273000,0.0,0
2011-12-07,30.358459174520895,30.6586930335866,29.97738854817208,30.479707717895508,3207800,0.0,0
2011-12-08,29.77530366237792,29.977384540989412,28.75334707086468,28.857275009155273,4191200,0.0,0
2011-12-09,28.753351473575357,29.590547903544852,28.689839701282146,29.48661994934082,3282300,0.0,0
2011-12-12,28.585908760056228,28.609004348025298,27.9738910964914,28.35495948791504,4018400,0.0,0
2011-12-13,28.70138904993613,29.14596927753479,27.67943224662755,27.9507999420166,5133900,0.0,0
2011-12-14,27.506223124035888,27.7083062720943,26.93462147663787,27.252178192138672,4899600,0.0,0
2011-12-15,27.656338028356537,27.679431416779778,26.90574674042339,26.963485717773438,3502100,0.0,0
2011-12-16,27.615926942551972,27.921935870178675,27.130930455879493,27.36765480041504,4267100,0.0,0
2011-12-19,27.292589502155256,27.41383804780445,26.553548230560096,26.61705780029297,3341300,0.0,0
2011-12-20,27.910381220138675,28.320318023014757,27.904608424013883,28.175973892211914,3180000,0.0,0
2011-12-21,28.147101197678854,28.222160750910565,27.615915934848434,28.152873992919922,2680200,0.0,0
2011-12-22,28.43580004904061,28.77067956367916,28.303003683672017,28.609012603759766,2428200,0.0,0
2011-12-23,28.56858750812462,28.678288244660113,28.349183832537193,28.562814712524414,1068700,0.0,0
2011-12-27,28.539721578931314,28.614781143286283,28.227937729318334,28.424245834350586,948000,0.0,0
2011-12-28,28.279905032739194,28.29145282880808,27.465804131276208,27.511995315551758,1876400,0.0,0
2011-12-29,27.488898279932453,27.90461010651521,27.431159302619974,27.835323333740234,2411200,0.0,0
2011-12-30,27.829546854890474,28.320315983266227,27.80067847131246,28.245256423950195,1734500,0.0,0
2012-01-03,29.769531187870307,30.3873238263046,29.694471631069796,30.214111328125,4434000,0.0,0
2012-01-04,30.081314208313042,30.421966425064348,29.75220978564849,30.191017150878906,3244200,0.0,0
2012-01-05,29.85613992512907,30.00048405805178,29.498167092185422,29.890783309936523,2549700,0.0,0
2012-01-06,29.781078283309583,29.786851078689804,29.278759187092444,29.58477020263672,2914300,0.0,0
2012-01-09,29.98316558153763,29.98316558153763,29.44620519299346,29.659833908081055,2206900,0.0,0
2012-01-10,30.710651674777747,30.94737592417945,30.520118597218474,30.58940315246582,3040200,0.0,0
2012-01-11,30.751076868021926,31.02244457589627,30.60673271745335,30.924291610717773,2748000,0.0,0
2012-01-12,31.53630786030637,31.669104208045955,31.253394572409768,31.605594635009766,3414900,0.0,0
2012-01-13,31.507441095901147,31.507441095901147,30.791495340536457,31.35154914855957,3742900,0.0,0
2012-01-17,32.46587785894318,32.77188667584023,32.275344773757816,32.3619499206543,4344900,0.0,0
2012-01-18,32.63332493491428,33.28576109439664,32.54094476917033,33.25111770629883,3572200,0.0,0
2012-01-19,33.26266638647205,33.35504655467151,32.91046630692505,33.18760681152344,2697500,0.0,0
2012-01-20,33.16450633244155,33.245340894908374,32.95665263650528,33.10676956176758,2850800,0.0,0
2012-01-23,33.38390888811711,33.68991772679312,33.26266035232283,33.66682434082031,3239300,0.0,0
2012-01-24,33.11831627429069,33.55712144361847,32.99706773832708,33.505157470703125,2877200,0.0,0
2012-01-25,33.256882164020034,34.255745346468714,33.05480129041269,34.186458587646484,4353400,0.0,0
2012-01-26,35.26038946544494,35.358544634645696,34.810036413569776,34.99479675292969,4254100,0.0,0
2012-01-27,34.555979564521344,34.9485957257345,34.41741045027926,34.63681411743164,2330100,0.0,0
2012-01-30,34.094083462958835,34.833126914885774,33.857359175099816,34.573307037353516,4632800,0.0,0
2012-01-31,35.02942876479101,35.06984714329894,34.58485082888414,34.908180236816406,5792600,0.0,0
2012-02-01,35.28925793388463,36.010978699398976,35.28348513686799,35.61836242675781,4866100,0.0,0
2012-02-02,36.27656613669369,36.47864702837242,35.895495536642606,36.15531539916992,3068100,0.0,0
2012-02-03,36.19573638394665,36.44978348438235,35.97055987402724,36.20151138305664,5012400,0.0,0
2012-02-06,35.843541155047156,36.109133868147424,35.82044556194705,36.01097869873047,1985000,0.0,0
2012-02-07,35.398958246842525,35.595266368450595,34.94860302520236,35.41627883911133,3265000,0.0,0
2012-02-08,35.87817428051101,36.04561398908834,35.30079779784423,35.52597427368164,2181000,0.0,0
2012-02-09,35.06985357674025,35.19687492350823,34.6887851314027,35.075626373291016,3557700,0.0,0
2012-02-10,34.0825378324444,34.336584929949275,33.93242089506891,34.25575256347656,2893000,0.0,0
2012-02-13,35.16222358585759,35.18531696790908,34.861987594026544,35.017879486083984,2078100,0.0,0
2012-02-14,33.909317882301764,34.04788919629546,33.48783334757392,33.84580612182617,2932600,0.0,0
2012-02-15,33.84581416580656,33.90355314474162,33.1760574277777,33.262664794921875,2575400,0.0,0
2012-02-16,32.57558191990752,33.58021802513998,32.52362014797217,33.55134963989258,2816600,0.0,0
2012-02-17,33.78229885759398,33.81116944530091,32.96242526510248,33.15873336791992,2142500,0.0,0
2012-02-21,33.770754241694526,34.047894712062416,33.55712333957448,33.684146881103516,1850800,0.0,0
2012-02-22,33.25689502751991,33.44743038420409,33.08368246849977,33.23957443237305,2990800,0.0,0
2012-02-23,33.33194735117388,33.57444664300084,33.100998056952214,33.528255462646484,2097900,0.0,0
2012-02-24,33.45319794424527,33.857361987026955,33.41855675937504,33.65528106689453,2171100,0.0,0
2012-02-27,33.176058158244516,34.00748185308091,33.14718976939979,33.84004211425781,2172100,0.0,0
2012-02-28,34.1345069212052,34.40010185403971,33.88046198818646,34.31926727294922,2759100,0.0,0
2012-02-29,34.6534894829178,34.741443398885195,33.2051979204512,33.381103515625,4251600,0.91,0
2012-03-01,33.54527377467859,33.902949667082474,33.39282289167979,33.5804557800293,2933400,0.0,0
2012-03-02,33.404546410456035,33.43386362651868,32.906144790350254,33.08205032348633,2166700,0.0,0
2012-03-05,32.41947655055036,32.42533909974774,31.622035654078164,31.797941207885742,4332000,0.0,0
2012-03-06,30.941861780123897,31.059132879405865,30.636957816694853,30.87150001525879,4959700,0.0,0
2012-03-07,31.31126978383774,31.346449553310034,30.91841187623314,31.10604476928711,2491300,0.0,0
2012-03-08,32.04421518814263,32.23771065296544,31.897626833643823,32.14389419555664,3277900,0.0,0
2012-03-09,32.009023994442224,32.4487889317701,31.82725368177972,32.055931091308594,2973600,0.0,0
2012-03-12,31.885899285875343,32.079394749417744,31.56340535546416,31.59858512878418,2685500,0.0,0
2012-03-13,32.15562543935247,32.8475227355957,32.067671521262156,32.8475227355957,3849700,0.0,0
2012-03-14,32.64229698031359,32.70093367005109,31.73931432596604,31.979719161987305,3225000,0.0,0
2012-03-15,32.36670083914245,32.818193123888435,32.10284142120516,32.81232833862305,3258000,0.0,0
2012-03-16,33.38695876018344,33.54527443222418,33.193463318862875,33.31659698486328,4474300,0.0,0
2012-03-19,33.31659601650782,33.89708679711843,33.26382412736141,33.510093688964844,2691400,0.0,0
2012-03-20,32.33739471435547,32.396029166558876,32.04421797981647,32.33739471435547,3827100,0.0,0
2012-03-21,32.085255950036014,32.31393339810036,31.66308082329538,32.009029388427734,3831200,0.0,0
2012-03-22,30.830456419327298,31.11776827285385,30.590049428147584,30.859773635864258,3999700,0.0,0
2012-03-23,30.672144194049164,31.56340154429945,30.554873078034035,31.510629653930664,3219600,0.0,0
2012-03-26,31.792081528634032,31.8683058588833,31.40508838061839,31.698265075683594,2248900,0.0,0
2012-03-27,32.10284619885822,32.22011731725638,31.516492843627926,31.51649284362793,3424800,0.0,0
2012-03-28,31.375762269117143,31.405081721815613,30.613503470921078,30.965316772460938,2900600,0.0,0
2012-03-29,31.252633354524257,31.950395278062874,31.164681693385806,31.92107582092285,3684000,0.0,0
2012-03-30,32.66574446586575,32.66574446586575,32.27288879652387,32.59538269042969,3445000,0.0,0
2012-04-02,32.847511313375755,33.70945135859455,32.67746832380356,33.5687255859375,3483000,0.0,0
2012-04-03,33.562869823962934,33.59804959667064,32.618840485786684,32.94719696044922,3676700,0.0,0
2012-04-04,31.751038237392944,32.0852595041646,31.633767107334645,31.756900787353516,3127900,0.0,0
2012-04-05,31.686535188992682,32.36670497732606,31.66308051845279,31.80380630493164,2760600,0.0,0
2012-04-09,31.22917806483263,31.944529859074937,31.22917806483263,31.780351638793945,1613500,0.0,0
2012-04-10,31.25263701944409,31.580995741777528,30.531422577083166,30.701465606689453,4985900,0.0,0
2012-04-11,31.63962622830192,31.65721834979859,30.947729096380225,31.10604476928711,3106300,0.0,0
2012-04-12,32.04421039162205,33.01755683032883,32.03834560573393,32.92374038696289,5647300,0.0,0
2012-04-13,32.77715403512519,32.77715403512519,31.997302985151677,32.179073333740234,3609800,0.0,0
2012-04-16,32.5132961735792,32.60711262723224,31.9797146740349,32.22011947631836,3018500,0.0,0
2012-04-17,32.61883890505543,33.07619382217779,32.37843411057309,32.953060150146484,3179200,0.0,0
2012-04-18,33.334187184748416,33.62736386090895,33.17000896186189,33.386959075927734,3717000,0.0,0
2012-04-19,33.586321266457155,33.82086351578586,32.81233497513733,33.09378433227539,4209500,0.0,0
2012-04-20,33.59217770453654,33.73290122975244,33.37522539495853,33.492496490478516,3278000,0.0,0
2012-04-23,32.14389006461886,32.22011662545508,31.69826250838659,32.07352828979492,4445100,0.0,0
2012-04-24,31.862433501867173,32.50155858985639,31.733435079980914,32.278743743896484,3462100,0.0,0
2012-04-25,32.876835763259365,33.21105703049389,32.64229350281794,33.181739807128906,3737700,0.0,0
2012-04-26,32.671611414948636,33.117239004560396,32.60711218454521,33.09378433227539,3621100,0.0,0
2012-04-27,33.562869743719,33.609776852804046,33.24037358293115,33.39868927001953,2772800,0.0,0
2012-04-30,33.22278346391159,33.240373350100185,32.683339411028115,32.876834869384766,2268200,0.0,0
2012-05-01,32.630565566901126,33.56873005360777,32.630565566901126,33.43973159790039,2386100,0.0,0
2012-05-02,32.953061139412114,32.98237836171483,32.54847586664824,32.75956344604492,2829100,0.0,0
2012-05-03,32.17320570561034,32.31979403407719,31.545807838713078,31.668941497802734,3200000,0.0,0
2012-05-04,30.807008172463497,30.971186408698156,30.32033377682403,30.437604904174805,4120800,0.0,0
2012-05-07,30.425880087646156,30.613513012242937,30.15615803813339,30.51383399963379,2982200,0.0,0
2012-05-08,29.933340402672368,29.997839634080087,29.235580667033954,29.86884117126465,3914400,0.0,0
2012-05-09,29.03621672098207,29.96851859073495,28.81926661853001,29.710521697998047,5012600,0.0,0
2012-05-10,30.19719922493616,30.408286800700914,29.70466229373862,29.886432647705078,4555300,0.0,0
2012-05-11,28.918947184104855,29.792614664040602,28.907219848636394,29.34698486328125,4948100,0.0,0
2012-05-14,28.713726080385946,28.924813657611416,28.467456494702677,28.508501052856445,3755000,0.0,0
2012-05-15,28.20359851424287,28.408823552622238,27.288888613587698,27.30647850036621,5659900,0.0,0
2012-05-16,27.46478972428163,27.81660082319161,26.843254396996215,26.872573852539062,5034900,0.0,0
2012-05-17,26.73185327201676,26.802215058136653,26.209999071169253,26.297950744628906,5538000,0.0,0
2012-05-18,26.239312217839544,26.356583334321652,25.565004975637788,25.641231536865234,3725300,0.0,0
2012-05-21,25.963728464098484,26.632170998381227,25.916821354079733,26.602853775024414,3551800,0.0,0
2012-05-22,27.112980247667807,27.35338503488493,26.54421677486316,26.731849670410156,5351700,0.0,0
2012-05-23,26.13376586535158,26.485576943422327,25.594321914075067,26.467987060546875,5051000,0.0,0
2012-05-24,26.18654028368083,26.38590051034049,25.817137050243126,26.227584838867188,3314600,0.0,0
2012-05-25,25.764368367534058,25.98718329254469,25.61191746311254,25.770233154296875,3076300,0.0,0
2012-05-29,26.989842411676175,27.11884085692107,26.59112197797413,26.89016342163086,3812100,0.0,0
2012-05-30,25.781963731124712,25.83473563481809,25.488786985441735,25.582603454589844,4395600,0.0,0
2012-05-31,25.52395979735491,25.559141802468915,24.773428249006344,25.342191696166992,4340900,0.0,0
2012-06-01,24.714794768389854,25.213194224637782,24.685475311278356,25.037288665771484,4958000,0.0,0
2012-06-04,24.69720298605952,24.9669272325712,24.386436419901088,24.81447410583496,3277300,0.0,0
2012-06-05,24.714796325777524,25.23078569939867,24.64443230838863,25.16628646850586,2519900,0.0,0
2012-06-06,25.916822352782038,26.432814003436576,25.881640341341665,26.297950744628906,4216500,0.0,0
2012-06-07,27.88696936842573,27.957331152300565,27.277161276815097,27.30647850036621,6371800,0.0,0
2012-06-08,25.99304641856122,26.26863098626488,25.787821393429706,26.180679321289062,4306900,0.0,0
2012-06-11,26.596987452129472,26.6321672204629,25.623641012136677,25.63536834716797,3023000,0.0,0
2012-06-12,26.227583242664185,26.403488788008797,25.793683046598172,26.368309020996094,3126600,0.0,0
2012-06-13,25.95786348249824,26.497307499365032,25.81713769210311,26.098587036132812,3765700,0.0,0
2012-06-14,25.723323393381744,26.374176034414567,25.570872491412967,26.286224365234375,3624700,0.0,0
2012-06-15,26.550080215253224,27.20679760846687,26.43281132917137,27.171615600585938,2550900,0.0,0
2012-06-18,27.124705275185043,27.552745193584748,26.98398172227492,27.476518630981445,3281000,0.0,0
2012-06-19,28.039422950700317,28.438143492003306,27.822472791590485,28.174283981323242,4191800,0.0,0
2012-06-20,28.619912536433798,28.76063611104475,28.086330989448758,28.361915588378906,3695200,0.0,0
2012-06-21,28.215322606287447,28.256367161891088,26.831528340905976,26.884300231933594,4004800,0.0,0
2012-06-22,27.423741970030232,27.476513852383803,27.124700557773266,27.283016204833984,4160000,0.0,0
2012-06-25,26.503177418496133,26.56181187107303,26.02236774973042,26.20413589477539,3486500,0.0,0
2012-06-26,26.679080345160745,26.84912337209534,26.35658641471425,26.602853775024414,2615700,0.0,0
2012-06-27,26.45040001984056,26.737711909226732,26.29208434666918,26.638032913208008,2142100,0.0,0
2012-06-28,26.11031275749088,26.667348861694336,26.010633766225638,26.667348861694336,2677500,0.0,0
2012-06-29,28.2094577130223,28.2094577130223,27.722783398787715,28.033552169799805,3188000,0.0,0
2012-07-02,28.315003405959402,28.408819851155826,27.98664472939167,28.256366729736328,2893200,0.0,0
2012-07-03,28.87203788749485,29.141759872514918,28.80753866569432,29.006898880004883,2411000,0.0,0
2012-07-05,28.74890456914835,28.94826480132467,28.47918255995703,28.537817001342773,2560400,0.0,0
2012-07-06,28.004234608599802,28.227049504684494,27.746239943548385,28.191869735717773,3868300,0.0,0
2012-07-09,27.623105369606954,27.769693700172255,27.453062369328702,27.681739807128906,2089400,0.0,0
2012-07-10,28.004233696848235,28.06287037115118,26.97225283348094,27.16575050354004,3241200,0.0,0
2012-07-11,27.353391909630016,27.74624768443056,27.29475521705904,27.535160064697266,3201900,0.0,0
2012-07-12,26.673215229336925,26.913620016554052,26.06340720042891,26.731849670410156,3743900,0.0,0
2012-07-13,26.989838344949025,27.664145451250246,26.989838344949025,27.541011810302734,2523200,0.0,0
2012-07-16,27.288885129816823,27.42960867960135,27.042615562553156,27.218521118164062,1787700,0.0,0
2012-07-17,26.884301472923234,27.142298390638825,26.509035669075782,27.124706268310547,2846000,0.0,0
2012-07-18,26.31553962675723,26.972254768746797,26.274495070180418,26.825666427612305,4470700,0.0,0
2012-07-19,27.2185195159665,27.734511053910804,27.154022530888778,27.40615463256836,3862700,0.0,0
2012-07-20,26.837395710113324,26.837395710113324,26.421085327914525,26.57940101623535,2705600,0.0,0
2012-07-23,25.482916158602663,25.975453064091425,25.336327820501964,25.89336395263672,2910300,0.0,0
2012-07-24,25.770229677412015,25.864046122112462,25.136966998113635,25.43600845336914,3505600,0.0,0
2012-07-25,25.64709828766949,25.688142846068477,25.002108215987015,25.236650466918945,2460600,0.0,0
2012-07-26,26.057539939903833,26.116176612169617,25.723318736650054,25.910951614379883,4260400,0.0,0
2012-07-27,26.450408066164933,27.2595765629398,26.104459394387078,27.071941375732422,4196300,0.0,0
2012-07-30,26.966397867940568,27.318209065653182,26.937078404163643,27.142303466796875,2253900,0.0,0
2012-07-31,27.406153357929988,27.558604226925702,27.019160281660593,27.09538459777832,3466700,0.0,0
2012-08-01,27.447200787578304,27.699332903977123,27.1481593301004,27.28888511657715,2599300,0.0,0
2012-08-02,26.743578629940345,26.98398343175569,26.180679909118176,26.503173828125,3205300,0.0,0
2012-08-03,27.57033880976694,28.02183122358113,27.464795012420204,27.904560089111328,5828800,0.0,0
2012-08-06,28.27982012429577,28.666813222865716,28.232913022194158,28.443998336791992,2684600,0.0,0
2012-08-07,28.696129790583523,28.854445450512348,28.502634364066292,28.619905471801758,2649400,0.0,0
2012-08-08,29.417346313937554,29.67534321786883,29.182806317444264,29.411483764648438,3876700,0.0,0
2012-08-09,29.346986418379753,29.681207668279406,29.27075985217578,29.569801330566406,2875800,0.0,0
2012-08-10,29.25317182016968,29.745708783353546,29.159355362266123,29.728118896484375,2269700,0.0,0
2012-08-13,29.522886276245117,29.7105191438724,29.352845527730544,29.522886276245117,2213400,0.0,0
2012-08-14,29.305935220138153,29.511160200069234,29.18866412257184,29.241436004638672,6048400,0.0,0
2012-08-15,28.519091537628857,28.62024307759363,28.275135286756537,28.388187408447266,3284300,0.726,0
2012-08-16,28.71544788098463,28.810650273009536,28.423891548447635,28.721399307250977,2595100,0.0,0
2012-08-17,28.316789761375563,28.4476939070768,28.21563593884165,28.27513885498047,2195400,0.0,0
2012-08-20,27.977628558671526,28.328687787892314,27.89432675339947,28.215633392333984,1905600,0.0,0
2012-08-21,28.76304985481582,28.995105540632885,28.292987056989233,28.346538543701172,2400500,0.0,0
2012-08-22,28.025230649901992,28.316789259302293,27.828876704635768,28.24538803100586,2481500,0.0,0
2012-08-23,28.090681487072015,28.150184399540798,27.668221022661758,27.69797134399414,2459600,0.0,0
2012-08-24,27.204110569738447,27.578968716786203,27.10295675004009,27.406415939331055,2211500,0.0,0
2012-08-27,27.364767257569447,27.388566155487407,27.001807394120224,27.019657135009766,1952100,0.0,0
2012-08-28,26.79354922299304,26.989905442041103,26.751898316492696,26.853052139282227,1906900,0.0,0
2012-08-29,26.28778253788781,26.34133401872223,26.049775452000667,26.09737777709961,3409800,0.0,0
2012-08-30,25.526166014051807,25.734420532403988,25.472614527932098,25.58566665649414,4841700,0.0,0
2012-08-31,25.996224737215815,26.12117970938079,25.651116949294085,26.07952880859375,3670500,0.0,0
2012-09-04,25.895072162538625,25.924822480510503,25.58566386206281,25.680866241455078,2618100,0.0,0
2012-09-05,25.67492303221626,25.90102731701237,25.49641654343451,25.79392433166504,2682000,0.0,0
2012-09-06,26.478184847195674,27.126751712896656,26.478184847195674,27.108901977539062,5318200,0.0,0
2012-09-07,28.44769706307216,29.036761244470352,28.382244982960266,28.941558837890625,5839500,0.0,0
2012-09-10,29.39971390157403,29.536567185527144,28.73924637524965,28.774948120117188,3512300,0.0,0
2012-09-11,29.03080671715407,29.483017497309444,29.012954708731993,29.352115631103516,2844000,0.0,0
2012-09-12,30.101834004793556,30.12563516936387,29.358064635501172,29.590120315551758,3714900,0.0,0
2012-09-13,29.126012795886595,30.631401471491454,28.977258902414043,30.50644874572754,4403300,0.0,0
2012-09-14,31.648878234300565,32.071341025840205,31.529876932823367,31.642929077148438,5611700,0.0,0
2012-09-17,31.47037264158892,31.476324068286164,30.69090370976311,30.750404357910156,3380900,0.0,0
2012-09-18,30.61354598242827,31.04790699743337,30.47074127279461,30.97055435180664,2545300,0.0,0
2012-09-19,30.58379718319822,30.690900153295182,30.30413917574461,30.59569549560547,2349100,0.0,0
2012-09-20,29.62582318612112,30.048283659150254,29.435418401944492,29.947132110595703,3178700,0.0,0
2012-09-21,29.78052290677685,29.86977613246282,29.334261317954606,29.405662536621094,3341800,0.0,0
2012-09-24,28.745198557872737,28.87610041955953,28.560742942572546,28.68569564819336,4023600,0.0,0
2012-09-25,28.453645822788406,28.679752386431954,27.91218171734513,27.91813087463379,4524500,0.0,0
2012-09-26,27.471862931065516,27.91812452984023,27.287409589579777,27.733671188354492,5466300,0.0,0
2012-09-27,27.87646860104191,28.27513007100898,27.721765606749443,28.22157859802246,3136200,0.0,0
2012-09-28,28.102579743879243,28.215631863508037,27.739619952171225,27.822921752929688,2691400,0.0,0
2012-10-01,27.977630481830026,28.376289797265223,27.924078993359196,28.0192813873291,3067700,0.0,0
2012-10-02,28.602392317793647,28.667844380045498,27.95382539063116,28.096630096435547,2977400,0.0,0
2012-10-03,28.239431237321885,28.26323239883168,27.811021679163996,27.852672576904297,2715300,0.0,0
2012-10-04,27.983580107690635,28.501245261524456,27.97763095100705,28.316789627075195,3155900,0.0,0
2012-10-05,29.012953716473895,29.17360816795415,28.346537016477356,28.45363998413086,3162700,0.0,0
2012-10-08,28.340583446789303,28.727342085480515,28.203730180501314,28.661890029907227,2505700,0.0,0
2012-10-09,29.06055861583489,29.20336334194449,28.697598778868603,28.745201110839844,3594000,0.0,0
2012-10-10,29.001060032654486,29.001060032654486,28.435794784228232,28.70355224609375,2765800,0.0,0
2012-10-11,29.29261144209797,29.524667113230485,29.090306090633028,29.30451202392578,2838700,0.0,0
2012-10-12,29.102209992403335,29.322365106823053,28.882054877983617,28.97130584716797,1793000,0.0,0
2012-10-15,28.51909380904339,28.8047009838019,28.334638182305913,28.763050079345703,2532400,0.0,0
2012-10-16,29.14981401248528,29.590124266812126,29.066509925365335,29.548473358154297,3330200,0.0,0
2012-10-17,30.68494795879479,30.946753951472765,30.399340802290475,30.917003631591797,4848700,0.0,0
2012-10-18,30.720649581897007,31.47036808100245,30.696848418165683,30.994356155395508,5268600,0.0,0
2012-10-19,30.917007148369414,30.922958574904925,30.20893946752325,30.345792770385742,2960600,0.0,0
2012-10-22,30.559990437980712,30.72659401890501,30.185130111097482,30.589740753173828,2333000,0.0,0
2012-10-23,29.578225807888064,29.88168504397246,29.47707424239623,29.697229385375977,3226500,0.0,0
2012-10-24,30.006637778922762,30.09589102948981,29.64367788899664,29.697229385375977,2171400,0.0,0
2012-10-25,30.262482413534226,30.34578420308,29.6377167221374,29.97687530517578,2534000,0.0,0
2012-10-26,29.99472422402454,30.137528909220034,29.560363283351638,29.726966857910156,1958300,0.0,0
2012-10-31,30.161332961480937,30.214884443870545,29.697221627306906,29.738872528076172,2112800,0.0,0
2012-11-01,30.27439366563032,30.583802042874062,30.208941587970482,30.530250549316406,2732600,0.0,0
2012-11-02,31.113353987207507,31.143104301503126,30.351732776379464,30.417184829711914,3227600,0.0,0
2012-11-05,29.929275395775736,30.054228090156933,29.86977476125242,30.006628036499023,2748600,0.0,0
2012-11-06,30.35174152538075,30.655200720158348,30.20893906767705,30.470745086669922,1864900,0.0,0
2012-11-07,30.185139286806717,30.22679019469888,29.572273982275583,29.715076446533203,3279800,0.0,0
2012-11-08,29.607970976990675,29.73292595997781,29.143859602422637,29.262863159179688,2175100,0.0,0
2012-11-09,29.054612562777972,29.584176078601942,29.036760551479794,29.185514450073242,2107200,0.0,0
2012-11-12,29.322357036700136,29.34615819652038,28.965348718610542,29.167654037475586,1719700,0.0,0
2012-11-13,28.83444570482661,29.334258731022114,28.75114391209463,28.917747497558594,1776900,0.0,0
2012-11-14,28.965361209764364,29.024861865170788,28.22159166816155,28.304893493652344,4040900,0.0,0
2012-11-15,28.453640124525805,28.57859283080346,28.019279095700682,28.179933547973633,2349700,0.0,0
2012-11-16,28.007377870990872,28.245384965889905,27.692020399582947,28.12042999267578,2656400,0.0,0
2012-11-19,28.59645243465955,28.78090583012103,28.519099766024834,28.644052505493164,2072800,0.0,0
2012-11-20,28.554794437163533,28.780898689685483,28.352489079251708,28.477441787719727,2318400,0.0,0
2012-11-21,28.352492110052506,28.63214787749858,28.281088609177402,28.530996322631836,1895500,0.0,0
2012-11-23,28.525044721757443,28.77495243368542,28.507194981549798,28.769001007080078,937400,0.0,0
2012-11-26,28.614296597383948,28.66784808525645,28.423891811571533,28.638097763061523,1282600,0.0,0
2012-11-27,28.61430131746787,28.72735346837878,28.05498745060756,28.08473777770996,4398600,0.0,0
2012-11-28,28.025228617482433,28.239434556641417,27.75152203735883,28.215633392333984,5612800,0.0,0
2012-11-29,29.387817250625748,29.596074052168664,29.126011229325005,29.46516990661621,4127800,0.0,0
2012-11-30,29.554418438036933,29.738874057935405,29.447317737551984,29.631771087646484,1908600,0.0,0
2012-12-03,29.959027997600266,30.018530906464765,29.57821846008301,29.578218460083008,2016100,0.0,0
2012-12-04,29.97687988251521,30.101832585913606,29.810274008180144,29.923328399658203,2225600,0.0,0
2012-12-05,30.798000347018498,31.113360095918672,30.625447582303984,30.869403839111328,4137800,0.0,0
2012-12-06,30.928904479384755,31.018157709598828,30.678999066471643,30.869403839111328,3230800,0.0,0
2012-12-07,31.15501658072757,31.291869893722296,30.845608202294315,31.178817749023438,2688400,0.0,0
2012-12-10,31.285915727038443,31.648873271314,31.244262554288028,31.55367088317871,2084000,0.0,0
2012-12-11,31.52392550586691,31.80953271505998,31.500124337649737,31.642929077148438,2704700,0.0,0
2012-12-12,31.89283475707896,32.065389823153836,31.66077903984933,31.82738494873047,2710400,0.0,0
2012-12-13,31.815483456175897,32.136790140964045,31.75003137989178,31.92258644104004,3608800,0.0,0
2012-12-14,32.0713393054765,32.963862637504924,32.059438722006284,32.678253173828125,4268900,0.0,0
2012-12-17,33.01741075571862,33.66597773487148,32.963859270474664,33.546974182128906,5067000,0.0,0
2012-12-18,34.082483955904145,34.71915030033239,33.99323300105569,34.64179992675781,6112900,0.0,0
2012-12-19,34.504948167092074,34.52279790488746,33.91588185200149,33.999183654785156,4606400,0.0,0
2012-12-20,34.147938801352595,34.15389022737652,33.79687956947196,34.011085510253906,2338000,0.0,0
2012-12-21,33.493432001400464,33.832590745562925,33.44582965915785,33.78498840332031,1964000,0.0,0
2012-12-24,33.47556789921127,33.80282820943501,33.47556789921127,33.642173767089844,661300,0.0,0
2012-12-26,33.88017781866363,34.165784953122106,33.85637892647823,33.8920783996582,1453000,0.0,0
2012-12-27,34.302637456696125,34.32643634677034,33.68977007376332,34.14198303222656,1655200,0.0,0
2012-12-28,33.88612798946245,34.08843331927252,33.75522387317251,33.95158004760742,1813000,0.0,0
2012-12-31,33.999187902877736,34.72510759464343,33.88613576637495,34.564453125,1958200,0.0,0
2013-01-02,35.87943446916082,35.968687702761834,35.504574065762185,35.65332794189453,2567800,0.0,0
2013-01-03,35.17136536205547,35.22491684601121,34.635850522498,34.796504974365234,2062600,0.0,0
2013-01-04,34.344294460127415,34.754854326925845,34.33834303419768,34.6775016784668,2754200,0.0,0
2013-01-07,34.13604124123562,34.433549014259675,34.100341761147405,34.3323974609375,2279600,0.0,0
2013-01-08,33.85638527693461,33.98728715282073,33.81473437054301,33.880184173583984,1645800,0.0,0
2013-01-09,33.96944095621626,34.1122457000292,33.83258763953958,34.03489303588867,1752500,0.0,0
2013-01-10,34.017036444211385,34.159841168797016,33.636226871721846,34.08843994140625,2301200,0.0,0
2013-01-11,33.32086819628368,33.39822084728446,32.95195921965566,33.112613677978516,3056800,0.0,0
2013-01-14,33.27922212758297,33.38037368836868,33.02336524231939,33.207820892333984,2228100,0.0,0
2013-01-15,33.11260657633155,33.51721721352264,33.070955681603365,33.33871078491211,1179400,0.0,0
2013-01-16,32.89245580843408,33.05906169035477,32.541396575899604,32.74370193481445,2554400,0.0,0
2013-01-17,32.755604826882866,32.79130657619856,32.39859641294246,32.618751525878906,3959700,0.0,0
2013-01-18,33.48747383745186,33.48747383745186,32.940060630605934,33.23161697387695,3040000,0.0,0
2013-01-22,33.463672115658035,33.78497875481666,33.326816555696816,33.63027572631836,1923200,0.0,0
2013-01-23,33.297066515466526,33.35061800074438,32.922208388325494,33.01145935058594,2634000,0.0,0
2013-01-24,33.231609614438554,33.66597285951703,33.08880718767065,33.21971130371094,2233900,0.0,0
2013-01-25,33.142369312631466,33.213770548954116,32.844861513182,33.20186996459961,2018300,0.0,0
2013-01-28,33.02930807665773,33.0471600844058,32.64849853515625,32.64849853515625,1465400,0.0,0
2013-01-29,33.285168931489316,33.671929945535446,33.231617441387606,33.56482696533203,1659900,0.0,0
2013-01-30,33.677881205441054,33.814736787428465,33.08881704734015,33.25542068481445,2689600,0.0,0
2013-01-31,33.66597314622403,33.89207736883271,33.51721929302185,33.600521087646484,1948700,0.0,0
2013-02-01,34.24314116430745,34.60015182194937,34.076537552623606,34.51089859008789,2035700,0.0,0
2013-02-04,33.850435165046974,33.91588724043404,33.60052971699193,33.69573211669922,1748200,0.0,0
2013-02-05,33.915884415279265,34.02298738975394,33.588626335408435,33.790931701660156,1553600,0.0,0
2013-02-06,33.82662762570796,34.260990904217984,33.78497672554461,34.20743942260742,1655500,0.0,0
2013-02-07,34.23124672831112,34.26694848142677,33.78498502848518,34.08249282836914,1829500,0.0,0
2013-02-08,34.451402573933386,34.65965711649706,34.15389478752569,34.2609977722168,2433000,0.0,0
2013-02-11,34.046791305502246,34.219344094046924,33.90993799813028,34.1955451965332,1333100,0.0,0
2013-02-12,33.86827674375414,34.266938256945316,33.8444778519158,34.094383239746094,799100,0.0,0
2013-02-13,34.77865854578217,35.04641599104017,34.641805244829,34.731056213378906,2400000,0.0,0
2013-02-14,34.36214775060133,34.725107596503626,34.36214775060133,34.600154876708984,1713400,0.0,0
2013-02-15,34.59419758996932,34.67155023332153,34.24908981235845,34.37404251098633,1127800,0.0,0
2013-02-19,34.23124899665551,34.308601665296365,33.91589143421864,34.189598083496094,2027400,0.0,0
2013-02-20,33.291124054919244,33.33277496631196,32.85081150187626,32.88056182861328,5021300,0.0,0
2013-02-21,31.964229574903595,32.26768644500546,31.738123076319546,31.92852783203125,4997100,0.0,0
2013-02-22,31.940429173739428,32.011830391381004,31.46441727312261,31.874977111816406,2649300,0.0,0
2013-02-25,31.559620537018482,31.874978004419955,31.476318735803293,31.547719955444336,5358000,0.0,0
2013-02-26,31.702422462441987,31.857127750594483,31.470366800017054,31.714323043823242,1964300,0.0,0
2013-02-27,31.44061762161158,32.255788182456016,31.36326497473026,32.07133483886719,2145500,0.0,0
2013-02-28,31.750028081595627,32.130837646084274,31.726226916364073,31.9166316986084,1651600,0.0,0
2013-03-01,30.75040041298717,30.928904604332512,30.649246600348977,30.792051315307617,2893700,0.0,0
2013-03-04,29.79838540197164,30.143493305164252,29.685330973670318,30.03639030456543,5717100,0.0,0
2013-03-05,30.934854872886348,31.077657312698314,30.631395716129173,30.702796936035156,3143800,0.0,0
2013-03-06,30.917317459940385,31.2748482685509,30.735522642874102,31.141530990600586,2904400,0.934,0
2013-03-07,31.365744772279044,31.78387539768894,31.34150715835035,31.559661865234375,2181400,0.0,0
2013-03-08,31.06881461516942,31.183950797296454,30.856718728118654,30.990036010742188,3216900,0.0,0
2013-03-11,30.959742314806636,31.299094402519433,30.874904870790182,31.202136993408203,1240200,0.0,0
2013-03-12,31.183959669342606,31.45665313790723,31.038524693872976,31.147602081298828,2257600,0.0,0
2013-03-13,30.85065486739596,30.862774828533386,30.32344927197217,30.456764221191406,2534400,0.0,0
2013-03-14,30.153771590639924,30.359806303014125,29.95985683918728,30.202251434326172,4295400,0.0,0
2013-03-15,30.43252944440815,30.54160679315593,30.178014860114526,30.287092208862305,2556000,0.0,0
2013-03-18,30.014396917102964,30.18407406632735,29.8326021180341,29.856842041015625,2658500,0.0,0
2013-03-19,28.893333456422717,29.05088836737253,28.17827175176867,28.408546447753906,8277400,0.0,0
2013-03-20,28.760009514912884,28.850908069374515,28.620633426612315,28.77819061279297,2533900,0.0,0
2013-03-21,28.620638553743802,29.00240931456869,28.578219837168447,28.753955841064453,2494600,0.0,0
2013-03-22,28.790313420045226,28.856972063705552,28.656998444371258,28.753955841064453,2115800,0.0,0
2013-03-25,28.693358106669667,28.766077893204486,28.12979247508247,28.287349700927734,3108700,0.0,0
2013-03-26,28.35400789535667,28.57822145446461,28.275229283695626,28.572162628173828,2174500,0.0,0
2013-03-27,28.420662438543133,28.850910704107424,28.347942663674385,28.82061195373535,3214800,0.0,0
2013-03-28,28.61458063040688,28.76607671199667,28.36612714906549,28.529743194580078,2292700,0.0,0
2013-04-01,28.450960564928884,28.493379276848756,28.11766969485285,28.166147232055664,1768000,0.0,0
2013-04-02,28.299466272619405,28.438842379298194,27.899516741213933,28.002532958984375,2132300,0.0,0
2013-04-03,27.92981634701641,28.020714916244007,27.505626876698678,27.578344345092773,4286000,0.0,0
2013-04-04,27.826793363573984,27.899513131983248,27.578339933958013,27.790435791015625,3088700,0.0,0
2013-04-05,27.287473882357688,27.74196213389141,27.19051648116303,27.705604553222656,3840300,0.0,0
2013-04-08,27.475330650870486,27.917698951056355,27.45715186001186,27.857101440429688,2679300,0.0,0
2013-04-09,28.608512812501086,29.693225058197683,28.560035279768222,29.450830459594727,7249400,0.0,0
2013-04-10,29.45083573635986,29.5114355526915,29.032707406081396,29.25086212158203,3068800,0.0,0
2013-04-11,29.19026540003516,29.329643836551668,28.9781717995046,29.208446502685547,2615700,0.0,0
2013-04-12,28.875154600687438,28.94181093601563,28.54792250370846,28.838794708251953,2622700,0.0,0
2013-04-15,27.56622977035146,27.60864849095336,27.081440429220763,27.142040252685547,3958900,0.0,0
2013-04-16,28.07525437183746,28.093433161527035,27.39655027590172,27.675302505493164,3675100,0.0,0
2013-04-17,26.645127882512455,26.657247844760054,26.172458601441804,26.263357162475586,5383500,0.0,0
2013-04-18,26.66330972143757,26.923883160465174,26.463333788936374,26.596651077270508,2874400,0.0,0
2013-04-19,27.26928936493487,27.299588113011094,26.75420371270018,27.075374603271484,2202300,0.0,0
2013-04-22,26.91176366945078,27.09355850386935,26.493635319123396,26.996601104736328,1787800,0.0,0
2013-04-23,27.045081499281437,27.105679008080088,26.693609475638286,26.820865631103516,2535200,0.0,0
2013-04-24,27.76014125112103,27.978293654476794,27.65712271941585,27.935874938964844,2174200,0.0,0
2013-04-25,28.269165755037086,28.687294048952865,28.06918984600361,28.166147232055664,3715100,0.0,0
2013-04-26,27.935876846881303,28.02677542155587,27.438969878393028,27.596527099609375,2990200,0.0,0
2013-04-29,28.08736961544615,28.15402825412106,27.760139870859383,28.05101203918457,2274200,0.0,0
2013-04-30,27.62076417987659,27.911636352539062,27.257172230313593,27.911636352539062,3999700,0.0,0
2013-05-01,27.69347830448726,27.72377705205096,27.051134222564027,27.16021156311035,2786600,0.0,0
2013-05-02,27.25717343513787,27.5298668314521,27.057199818938525,27.293533325195312,2535100,0.0,0
2013-05-03,28.529740251416698,28.826671246178737,28.396422973643894,28.444900512695312,3098600,0.0,0
2013-05-06,28.57822478187659,28.705480953620985,28.269173748833477,28.65700340270996,1789900,0.0,0
2013-05-07,28.947873380276945,29.01453203026012,28.657001162606914,28.76001739501953,2914200,0.0,0
2013-05-08,28.923632065246125,29.584155083617752,28.88727217291168,29.414480209350586,3007100,0.0,0
2013-05-09,29.05694586275402,29.202380791299795,28.57821774036062,28.681236267089844,2799800,0.0,0
2013-05-10,28.55397952508496,28.596398241088377,28.11767240167172,28.463083267211914,2651500,0.0,0
2013-05-13,28.15402902863261,28.15402902863261,27.79043938613548,28.002532958984375,1723600,0.0,0
2013-05-14,27.438967735205487,27.645002484947785,27.208695370870316,27.469268798828125,7134600,0.0,0
2013-05-15,26.814804693177752,27.014780617429107,26.766324840639264,26.893583297729492,3354900,0.0,0
2013-05-16,26.360316956373584,26.760266500487177,26.23911963447472,26.517871856689453,8054500,0.0,0
2013-05-17,26.86329079007158,26.960248206039644,26.590597335271674,26.663314819335938,5715300,0.0,0
2013-05-20,26.66330952763657,27.14203768531434,26.54817334141458,27.00872039794922,6168600,0.0,0
2013-05-21,27.438970285959297,27.614706300062153,27.2329355170638,27.25717544555664,6698300,0.0,0
2013-05-22,27.52380575013446,28.069192543876177,27.08749862678774,27.202634811401367,5229700,0.0,0
2013-05-23,26.572411436790926,26.8875235597519,26.366376676072083,26.778446197509766,4050100,0.0,0
2013-05-24,26.263362296824653,26.53605572158969,26.251242332207667,26.384559631347656,2545000,0.0,0
2013-05-28,26.390616166720424,26.45727481050342,26.069445223016906,26.093685150146484,2779700,0.0,0
2013-05-29,26.29971828867469,26.517870684473294,26.039144867187048,26.27547836303711,5292300,0.0,0
2013-05-30,26.596656374365207,27.045085871570368,26.52999771692214,26.99054718017578,3833000,0.0,0
2013-05-31,26.82692076757185,26.839040728949602,25.869464623545785,25.887645721435547,4992100,0.0,0
2013-06-03,26.699671027619615,26.88146586848199,26.414857646225574,26.826927185058594,4672100,0.0,0
2013-06-04,26.84510531996375,26.97236147429452,26.52393436522987,26.6936092376709,3125300,0.0,0
2013-06-05,26.390615544630787,26.49363407667976,25.996727140470107,26.01490592956543,3231900,0.0,0
2013-06-06,25.917946890455642,26.30577644419186,25.742210901529393,26.28759765625,2902200,0.0,0
2013-06-07,26.299723600117726,26.481518455821448,26.148227501756786,26.26942253112793,2957700,0.0,0
2013-06-10,25.863410336078918,25.89370908901569,25.705853122173036,25.784631729125977,2594200,0.0,0
2013-06-11,25.178644295838737,25.56647383320101,25.148345546666008,25.43315887451172,3101200,0.0,0
2013-06-12,25.717973945126822,25.766453800763106,25.39074416616891,25.50588035583496,3595500,0.0,0
2013-06-13,26.22700459157503,26.542116762971688,26.10580955858538,26.42091941833496,3877400,0.0,0
2013-06-14,26.70572910879791,26.723907898882885,26.051267237624636,26.245182037353516,4046700,0.0,0
2013-06-17,26.620894150247466,26.69361162900129,26.420918194115735,26.608774185180664,3241600,0.0,0
2013-06-18,26.46939138863742,26.72390365600586,26.39667392819592,26.72390365600586,3234300,0.0,0
2013-06-19,26.523932394686344,26.72996714376354,26.08156414465371,26.299718856811523,4746600,0.0,0
2013-06-20,25.1362313709508,25.463463485295435,25.00897520814352,25.251367568969727,8445900,0.0,0
2013-06-21,25.20288477387938,25.366500796984614,24.942311364302128,25.16652488708496,3435300,0.0,0
2013-06-24,24.51206460078032,24.687800596864765,24.087875142235536,24.445405960083008,3335900,0.0,0
2013-06-25,24.71810201595363,25.124110417983065,24.621144613107287,25.02715301513672,4211400,0.0,0
2013-06-26,24.73021877300238,24.918072416353088,24.60902145725083,24.90595245361328,4194500,0.0,0
2013-06-27,24.85747685195233,25.336205015082456,24.85747685195233,25.10593032836914,4084900,0.0,0
2013-06-28,24.851415945982822,25.051391881172506,24.621143568769327,24.893836975097656,2756600,0.0,0
2013-07-01,25.348327096456387,25.433164537689255,25.118052390505103,25.17864990234375,1731700,0.0,0
2013-07-02,24.924137729710445,25.063513857101615,24.37269204670759,24.657503128051758,2130500,0.0,0
2013-07-03,24.390867481600164,24.633262120361664,24.21513148408041,24.518123626708984,1422100,0.0,0
2013-07-05,24.251493259980222,24.293911978316366,23.718226400208565,24.178775787353516,2678500,0.0,0
2013-07-08,24.190889412025985,24.378745355984744,24.118171951506568,24.24542808532715,2394000,0.0,0
2013-07-09,24.88171905028208,24.899897841644755,24.53024700629088,24.7120418548584,2265200,0.0,0
2013-07-10,24.627200208871475,24.760517487164346,24.384807889375775,24.56660270690918,2616300,0.0,0
2013-07-11,26.208818488184605,26.299717049218383,25.9361251167297,26.263357162475586,5166100,0.0,0
2013-07-12,25.71191200018745,25.78462946317463,25.3725599868365,25.548295974731445,2972200,0.0,0
2013-07-15,25.875534010192844,25.924011559514135,25.53012309155828,25.62101936340332,2166300,0.0,0
2013-07-16,26.572412534277756,26.651191146183375,26.269420362568106,26.626951217651367,3815700,0.0,0
2013-07-17,27.202637531265847,27.269296180682126,26.711791679467574,27.01478385925293,3642800,0.0,0
2013-07-18,27.039017393178526,27.26323323674293,26.97841989103203,27.026897430419922,2134500,0.0,0
2013-07-19,26.90569969550883,27.00871590103222,26.711784934344312,26.875398635864258,2661200,0.0,0
2013-07-22,26.796628897212795,27.220816096068987,26.742090212838878,27.081439971923828,2758700,0.0,0
2013-07-23,27.711661398166445,28.129789727489936,27.663183856858485,27.935874938964844,4241600,0.0,0
2013-07-24,28.075253981650654,28.075253981650654,27.208696239908083,27.384429931640625,3326800,0.0,0
2013-07-25,27.039015805628257,27.354127883911133,27.00871705633395,27.354127883911133,2852200,0.0,0
2013-07-26,27.20869796779791,27.529868930361882,27.13597818213878,27.511690139770508,2369700,0.0,0
2013-07-29,27.34807214652292,27.54804576376106,27.269293540145878,27.457149505615234,2021500,0.0,0
2013-07-30,27.45109423971609,27.481392998912096,27.154163163289216,27.275358200073242,2333100,0.0,0
2013-07-31,27.196578350962678,27.651066614727743,27.032962298609633,27.26323699951172,3034400,0.0,0
2013-08-01,27.85104103998144,27.92981965519995,27.657126226864268,27.75408363342285,2649500,0.0,0
2013-08-02,28.02677397250264,28.154030121150154,27.89345668631191,27.996475219726562,2690500,0.0,0
2013-08-05,28.293400838725,28.329760722111793,28.111606045083473,28.232803344726562,2326800,0.0,0
2013-08-06,27.887396428466257,27.94799393090688,27.60864421860494,27.766199111938477,2178700,0.0,0
2013-08-07,27.608641560026918,27.887393743045756,27.5722816750759,27.81467628479004,2255300,0.0,0
2013-08-08,28.038887384718166,28.99028233180492,28.038887384718166,28.74182891845703,5819500,0.0,0
2013-08-09,29.329647876389593,30.51131568731719,29.275109184220074,30.184085845947266,9243000,0.0,0
2013-08-12,30.0022841628537,30.32951626677414,29.947745478866963,30.14166259765625,4571500,0.0,0
2013-08-13,30.51131417017604,30.626452687723884,30.226503068916855,30.384057998657227,3542900,0.0,0
2013-08-14,30.711326685821877,30.871569372897103,30.464796943002593,30.575735092163086,2178000,0.841,0
2013-08-15,29.768350868717395,30.292225957173766,29.546474581943567,30.088838577270508,3889000,0.0,0
2013-08-16,29.940920404333916,29.996387120840755,29.75602194498483,29.811491012573242,2119100,0.0,0
2013-08-19,29.58961503977178,29.725206617702863,29.318434234991212,29.330760955810547,2022800,0.0,0
2013-08-20,29.37390134146738,29.5957775992347,29.244474308130258,29.417043685913086,2046700,0.0,0
2013-08-21,29.010266455062112,29.127366748723883,28.566514014102047,28.591167449951172,2971800,0.0,0
2013-08-22,29.244468212177615,29.4232020882425,29.201325876724844,29.232141494750977,2347800,0.0,0
2013-08-23,29.719042953714403,29.725205138276582,29.361575120989702,29.386228561401367,1853900,0.0,0
2013-08-26,29.398554392597244,29.45402345630537,29.10272016984771,29.225982666015625,1096900,0.0,0
2013-08-27,28.702103756177394,28.936306679861627,28.252189160074064,28.289169311523438,2784000,0.0,0
2013-08-28,28.067301033508613,28.689785143388054,28.01799415098112,28.47407341003418,2460400,0.0,0
2013-08-29,28.098117933327963,28.258360606643517,27.839261490486933,27.919384002685547,2341900,0.0,0
2013-08-30,27.925547188237648,28.00566734547968,27.734486545644955,27.802282333374023,1384900,0.0,0
2013-09-03,29.54647316912067,29.614268959179967,29.219823290924023,29.343088150024414,3742500,0.0,0
2013-09-04,29.330763047674928,29.786842346191406,29.306109604277978,29.786842346191406,1803400,0.0,0
2013-09-05,29.614265882113642,29.86079557469879,29.589612442638852,29.71904182434082,805600,0.0,0
2013-09-06,29.922429739299435,30.064183503476308,29.57112642132162,29.651248931884766,1480200,0.0,0
2013-09-09,30.298380807420585,30.47711470083842,30.26140065155032,30.409318923950195,2660900,0.0,0
2013-09-10,31.05645929237317,31.395435857634176,30.95784788518667,31.32147789001465,4077200,0.0,0
2013-09-11,31.32147736686771,31.555680336679398,31.02564315024938,31.395435333251953,4293400,0.0,0
2013-09-12,30.976338422696674,31.216705944527106,30.8469113847675,30.964014053344727,4830300,0.0,0
2013-09-13,30.470955670412877,30.828423521823336,30.409324417243575,30.809934616088867,1914000,0.0,0
2013-09-16,31.302989172320917,31.31531589217782,30.939359165327154,30.97017478942871,1370700,0.0,0
2013-09-17,31.007152541582336,31.11809066059976,30.828418644156354,31.000988006591797,1279500,0.0,0
2013-09-18,30.729810949140724,32.01175930523403,30.47095452319594,31.98094367980957,3865500,0.0,0
2013-09-19,31.75906788077274,31.78372132190646,30.98250329371302,31.192052841186523,4644500,0.0,0
2013-09-20,30.809933395473585,30.8222577647539,30.366180866773863,30.421649932861328,2902500,0.0,0
2013-09-23,30.588055140368162,30.80376685495724,30.49560591921207,30.551074981689453,1649200,0.0,0
2013-09-24,30.600382006557744,30.723644500581372,30.279894349717303,30.292221069335938,3455100,0.0,0
2013-09-25,31.019481277082967,31.118092683611344,30.754462681210196,30.77911376953125,3502800,0.0,0
2013-09-26,31.056459477345634,31.24135557303639,30.840747757553324,30.97017478942871,2823800,0.0,0
2013-09-27,30.427809687714483,30.538747811030543,30.25524031859231,30.49560546875,2715700,0.0,0
2013-09-30,29.762181612410963,30.23674970168663,29.74369035885189,30.051851272583008,2216100,0.0,0
2013-10-01,29.688226115557864,29.990224894472156,29.645083768724618,29.903940200805664,2418100,0.0,0
2013-10-02,29.891614704242834,30.353856168741434,29.854634540693546,30.249082565307617,2255100,0.0,0
2013-10-03,30.119651513250634,30.21826292621471,29.66357460994736,29.805328369140625,1859600,0.0,0
2013-10-04,29.58960713511581,29.971728325189392,29.58960713511581,29.94707489013672,1461000,0.0,0
2013-10-07,29.343084140283835,29.928590377689876,29.343084140283835,29.737529754638672,2452000,0.0,0
2013-10-08,29.620432988519585,29.694390962281982,29.34924983292147,29.373903274536133,2231600,0.0,0
2013-10-09,29.21365402180243,29.417038991578927,28.880839688261545,29.269123077392578,2238500,0.0,0
2013-10-10,29.595780144529286,30.039532698227507,29.564964517429498,29.971736907958984,2454500,0.0,0
2013-10-11,30.021039761689604,30.50793463630638,29.977897415947005,30.372343063354492,2423200,0.0,0
2013-10-14,30.421650175527752,30.95168739990673,30.378507829457977,30.82842254638672,2341200,0.0,0
2013-10-15,31.43857995355818,31.820701234899538,31.290664010075066,31.635805130004883,5517200,0.0,0
2013-10-16,31.71592528644093,31.814536699123515,31.506375740605243,31.635805130004883,1947700,0.0,0
2013-10-17,31.574166195415536,31.89465382028046,31.574166195415536,31.814531326293945,1975400,0.0,0
2013-10-18,32.19665344082756,32.245957964676286,31.943961584514675,31.968612670898438,2136300,0.0,0
2013-10-21,32.30142979854313,32.41236792558529,32.141187143416346,32.215145111083984,1757100,0.0,0
2013-10-22,32.43701831320113,32.90542186579975,32.40620269216247,32.58493423461914,2485500,0.0,0
2013-10-23,31.863846205123316,32.141191560846586,31.826866040666307,32.00559997558594,2511900,0.0,0
2013-10-24,32.245960719659635,32.356898846648946,32.14734931245596,32.208980560302734,1602900,0.0,0
2013-10-25,32.06106462503792,32.22747181552189,31.950126498048615,32.208980560302734,1098800,0.0,0
2013-10-28,31.68510710742041,31.980941321627988,31.629638045313907,31.925472259521484,2286900,0.0,0
2013-10-29,31.765225887955246,31.90081508416023,31.555676383550022,31.752899169921875,1472500,0.0,0
2013-10-30,31.740576873127544,31.925472967220745,31.21053967926734,31.500211715698242,2120600,0.0,0
2013-10-31,31.666615656262575,31.70359346063793,31.24135209729675,31.247516632080078,1888300,0.0,0
2013-11-01,31.26601248461946,31.672784880740878,31.0811163683973,31.537193298339844,2555100,0.0,0
2013-11-04,32.14735481170746,32.517147064208984,32.01176322195206,32.517147064208984,4542800,0.0,0
2013-11-05,33.028683748158905,33.09031498472618,32.73284958069027,32.7883186340332,3440100,0.0,0
2013-11-06,33.121137673124515,33.213584541147064,32.82530111242471,32.98554611206055,2251100,0.0,0
2013-11-07,33.18276872547967,33.18276872547967,32.264448128209686,32.40620422363281,3084800,0.0,0
2013-11-08,32.22131777696697,32.78217077897715,32.09189070367589,32.76984405517578,2234700,0.0,0
2013-11-11,32.2706141246448,32.34457209219794,32.159675997774386,32.301429748535156,2273600,0.0,0
2013-11-12,31.999428308075693,32.15967330059632,31.870001287942173,31.974777221679688,3478300,0.0,0
2013-11-13,31.235193818174753,31.9747805621895,31.22902928262082,31.962453842163086,5297500,0.0,0
2013-11-14,31.83302017675284,32.159669960616995,31.691264101521757,31.894651412963867,5803500,0.0,0
2013-11-15,32.27061457295037,32.40620614124927,32.06722722050201,32.35689926147461,2603300,0.0,0
2013-11-18,32.47399577088143,32.6157495070089,32.239795172626216,32.26444625854492,1747500,0.0,0
2013-11-19,32.49249187450517,32.53563422015445,31.99943246523088,32.20281982421875,1630500,0.0,0
2013-11-20,32.856127503305956,33.04102363779929,32.375394732325,32.510986328125,2037300,0.0,0
2013-11-21,32.529468726348995,32.54179544632594,32.07955402705687,32.178165435791016,2107800,0.0,0
2013-11-22,32.03024630735347,32.06106192868524,31.759063197038962,31.882328033447266,1711500,0.0,0
2013-11-25,31.654296969137658,31.691274782895064,31.38927833216142,31.524869918823242,1209300,0.0,0
2013-11-26,31.00715306200768,31.07494649047286,30.871561502914787,30.927030563354492,1782200,0.0,0
2013-11-27,31.555680336679398,31.623476118815518,31.30915064729011,31.395435333251953,1545100,0.0,0
2013-11-29,33.065671634331444,33.15195632613875,32.67738817011704,32.69587707519531,3043600,0.0,0
2013-12-02,32.67122483821897,32.73285844255346,32.23980136328561,32.27677917480469,1916900,0.0,0
2013-12-03,32.252124287889416,32.64656990487514,32.11653272539507,32.28293991088867,2066100,0.0,0
2013-12-04,32.677385629878444,33.151953749008705,32.67122109461055,33.041015625,2350400,0.0,0
2013-12-05,33.065669680503085,33.10264748847464,32.677386239232085,32.739017486572266,2088700,0.0,0
2013-12-06,33.349180797253574,33.38615860923597,33.0595087309561,33.18277359008789,2148500,0.0,0
2013-12-09,32.92391050901299,33.30603173034384,32.911586141559496,33.201255798339844,1529100,0.0,0
2013-12-10,33.15811360927332,33.25672500691629,32.75134130011094,32.849952697753906,1373900,0.0,0
2013-12-11,32.85611709137363,32.8869327121769,32.067223562539404,32.09804153442383,2157100,0.0,0
2013-12-12,32.36306304591501,32.37538976646811,31.839190353357115,32.08572006225586,2380000,0.0,0
2013-12-13,31.783718039344897,31.993267565176527,31.77755585523866,31.913145065307617,2373500,0.0,0
2013-12-16,32.2274779609234,32.58494349854568,32.2274779609234,32.31376266479492,2090700,0.0,0
2013-12-17,32.61575362206007,32.82530316083494,32.42469533890867,32.67122268676758,2784800,0.0,0
2013-12-18,32.84995775651185,33.29987247448547,32.26445146424316,33.195098876953125,4629500,0.0,0
2013-12-19,32.979378659781545,33.256723941480026,32.91774741988459,33.09031677246094,1670600,0.0,0
2013-12-20,33.22591738916087,33.43546695351186,33.13346815300417,33.176612854003906,2051500,0.0,0
2013-12-23,33.26905391439034,33.49709234561541,33.207422668464,33.299869537353516,1243300,0.0,0
2013-12-24,33.44162734397081,33.71281050156603,33.43546515906256,33.70664596557617,477900,0.0,0
2013-12-26,33.52791011566084,33.82990651037629,33.52174558045691,33.743621826171875,823400,0.0,0
2013-12-27,34.32296566320252,34.489372857840635,34.1442340995525,34.285987854003906,1712700,0.0,0
2013-12-30,34.514022288450455,34.951610221062396,34.49553338599905,34.63112258911133,2051300,0.0,0
2013-12-31,34.55717263453119,34.85917143399882,34.55717263453119,34.779048919677734,1037300,0.0,0
2014-01-02,34.29831417637132,34.37227214499237,33.98398869533932,34.14423370361328,1295600,0.0,0
2014-01-03,34.0887685552093,34.21203106670995,33.90387008579493,33.96550369262695,1224900,0.0,0
2014-01-06,33.423132615964256,33.4354593347151,32.95472905883845,32.99787139892578,2495200,0.0,0
2014-01-07,32.8129765533776,32.88693451758176,32.1966546991533,32.40620422363281,3204500,0.0,0
2014-01-08,32.48633207253796,32.517147702337525,32.27678249838634,32.31376266479492,2344800,0.0,0
2014-01-09,31.97478217772187,31.993271083154923,31.46323385064609,31.6419677734375,2707300,0.0,0
2014-01-10,31.99326799332521,32.0918793979138,31.826860807254217,32.011756896972656,1757000,0.0,0
2014-01-13,31.925468998809606,32.2151409992336,31.66045043482194,31.765226364135742,1651700,0.0,0
2014-01-14,31.974781873359895,32.23980048709165,31.851517019122547,32.17200469970703,2157700,0.0,0
2014-01-15,32.400044772643824,32.8006549811852,32.400044772643824,32.65890121459961,2311300,0.0,0
2014-01-16,34.01480255110288,34.020967086298285,33.46011428866338,33.82990646362305,3654700,0.0,0
2014-01-17,34.35993974317052,34.39691989690661,33.84839152968603,33.9223518371582,3215000,0.0,0
2014-01-21,33.00403842652281,33.05950749350177,32.68971528102975,32.83763122558594,2338500,0.0,0
2014-01-22,33.17660997176072,33.30603701027063,32.967060425614505,33.195098876953125,2397100,0.0,0
2014-01-23,33.102641204218465,33.12729463890685,32.65272660101977,32.81913375854492,2964200,0.0,0
2014-01-24,32.350738500497265,32.35690068519953,31.506375780314308,31.54335594177246,3846700,0.0,0
2014-01-27,32.27061331907717,32.28910222273357,31.648126917056548,32.017921447753906,4768400,0.0,0
2014-01-28,32.769828225270956,33.07182693481445,32.6095855954249,33.07182693481445,5083500,0.0,0
2014-01-29,32.72052284671566,33.324517898879016,32.63423817513247,32.78215408325195,3628000,0.0,0
2014-01-30,33.04101800621969,33.15195613822354,32.64657235957553,33.0533447265625,2680800,0.0,0
2014-01-31,32.492488740176874,32.92391215505316,32.48632420506077,32.75750732421875,2190500,0.0,0
2014-02-03,32.831465195868006,32.84379191498433,31.87616679962482,31.906982421875,2284400,0.0,0
2014-02-04,32.33841017021333,32.72669126632848,32.301430010596036,32.70820236206055,1883100,0.0,0
2014-02-05,32.689706753052334,32.99786763341426,32.55411521334719,32.81913375854492,2517800,0.0,0
2014-02-06,33.324525991298266,33.86072540283203,33.324525991298266,33.86072540283203,3512200,0.0,0
2014-02-07,34.24284294739174,34.63728855654346,34.05178232686082,34.618797302246094,3828000,0.0,0
2014-02-10,34.34145506420348,34.37843287140503,34.08259865838598,34.150394439697266,1765300,0.0,0
2014-02-11,34.50169808502667,35.43850761185235,34.489371365466695,35.315242767333984,2739300,0.0,0
2014-02-12,35.85760552395253,35.95005474215025,35.64805600030814,35.74050521850586,4902700,0.0,0
2014-02-13,35.85761641077413,36.01169692049692,35.33374361814944,35.8514518737793,7931300,0.0,0
2014-02-14,36.02400818587839,36.33216907309534,35.98702803302319,36.301353454589844,2442500,0.0,0
2014-02-18,36.76360172628188,37.00396688751842,36.51707202953179,36.862213134765625,2974000,0.0,0
2014-02-19,36.66499030260956,37.35527016170985,36.64033686272848,36.856048583984375,2376900,0.0,0
2014-02-20,36.480093234623794,37.053272802594456,36.46776651421693,36.93617248535156,3170900,0.0,0
2014-02-21,37.29979822779156,37.35526728771567,36.75127216358718,36.78824996948242,2631700,0.0,0
2014-02-24,36.153442830293926,36.39997253256993,36.0979737648359,36.20891189575195,2763900,0.0,0
2014-02-25,35.3645512225358,35.426182472002544,34.87149417355749,35.037899017333984,4881200,0.0,0
2014-02-26,35.00708637774912,35.118024517114414,34.803701356300515,34.84067916870117,2688400,0.0,0
2014-02-27,35.3707197881393,35.61724953264462,35.30908852755391,35.54945373535156,2889500,0.0,0
2014-02-28,35.25977370485479,35.60491479928994,35.19814245813628,35.315242767333984,2274800,0.0,0
2014-03-03,34.35378357168607,34.532515134986,34.20586528193699,34.36610794067383,3644400,0.0,0
2014-03-04,34.70508620362014,34.889982298972484,34.612636980403266,34.760555267333984,2779200,0.0,0
2014-03-05,34.38091743780077,34.54433573216862,34.27406507797708,34.349491119384766,2524600,1.096,0
2014-03-06,34.73918903357116,35.01574404245769,34.71404701521561,34.78947067260742,1544600,0.0,0
2014-03-07,34.00379320360743,34.02265091211987,33.192983667801954,33.557533264160156,5026500,0.0,0
2014-03-10,32.75928759866453,32.98556088669,32.43244867125818,32.90385055541992,4050900,0.0,0
2014-03-11,33.19927402108242,33.431831688597015,32.54559595261866,32.63987731933594,4400400,0.0,0
2014-03-12,32.82843138886676,33.34383066048,32.80957607819227,33.17412567138672,4038600,0.0,0
2014-03-13,33.614106887155955,33.76495659063638,32.41988985844091,32.42617416381836,7944600,0.0,0
2014-03-14,32.665018948376655,32.99185797872188,32.658732245243726,32.753013610839844,3515800,0.0,0
2014-03-17,33.394115346695834,33.62667297442246,33.11127369260975,33.19926834106445,2255200,0.0,0
2014-03-18,33.130128164640915,33.53239077463194,33.06727553095767,33.23069381713867,1699500,0.0,0
2014-03-19,32.91642782166945,33.11127483401757,32.319318175276294,32.36960220336914,3215200,0.0,0
2014-03-20,32.3570369895007,32.89757839990433,32.181047655015746,32.683876037597656,2770200,0.0,0
2014-03-21,33.25584462947176,33.35012600261859,32.95414759214679,33.09242630004883,2176600,0.0,0
2014-03-24,33.513535567846986,33.54496188478593,32.91642595530991,33.18041229248047,2249400,0.0,0
2014-03-25,34.14835980431307,34.36205972861164,33.95979709846824,34.349491119384766,4739600,0.0,0
2014-03-26,34.63861557261777,34.71403921305774,34.003792939031406,34.11064529418945,3188700,0.0,0
2014-03-27,34.06664925735967,34.21749654393651,33.95979689816622,34.204925537109375,1860800,0.0,0
2014-03-28,34.61976542434257,34.72661539775953,34.17350302414767,34.406063079833984,3777200,0.0,0
2014-03-31,35.07858881506047,35.16658345585952,34.80203148949303,35.09115982055664,4285600,0.0,0
2014-04-01,35.361432807946954,35.44314315583651,35.21058551703104,35.298580169677734,2313700,0.0,0
2014-04-02,35.44943013814736,35.51856708171957,35.235727809600554,35.436859130859375,1908700,0.0,0
2014-04-03,34.67633418407252,34.75804454535341,34.387208164370755,34.73290252685547,3427500,0.0,0
2014-04-04,35.39914452407491,35.54370750490254,34.70775593791246,34.75803756713867,2667900,0.0,0
2014-04-07,34.94031432276006,35.11001932070316,34.65747265952157,34.97802734375,2364800,0.0,0
2014-04-08,35.223157867122694,36.32309586249103,35.17287383645065,36.03396987915039,4102400,0.0,0
2014-04-09,36.09682290151051,36.115678214374626,35.63170520357399,35.920833587646484,3248200,0.0,0
2014-04-10,35.61913293182625,35.7888379346051,35.22944129452362,35.38029098510742,1914100,0.0,0
2014-04-11,34.99688031582345,35.185440612818816,34.946596291198404,35.0157356262207,1960200,0.0,0
2014-04-14,35.44942993525765,35.86426358268904,35.33629326798777,35.738555908203125,1567100,0.0,0
2014-04-15,35.00316358647194,35.00316358647194,34.305490747957755,34.85860061645508,3403200,0.0,0
2014-04-16,35.116305484321,35.13516319465146,34.59462185355304,34.90260314941406,3903600,0.0,0
2014-04-17,34.77061555460238,34.93403627716415,34.64490785978752,34.73290252685547,2423500,0.0,0
2014-04-21,34.76432512355239,34.783180435266225,34.17978648367909,34.481483459472656,1871300,0.0,0
2014-04-22,34.575760647823074,34.63861567977941,34.27406368745557,34.550621032714844,2229300,0.0,0
2014-04-23,34.487768221206885,34.494054923644434,34.16092922701376,34.362060546875,2245600,0.0,0
2014-04-24,34.600899401938825,34.720322752571576,34.437481129591475,34.626041412353516,1920900,0.0,0
2014-04-25,34.53177075328693,34.63862313176325,34.336926106490125,34.60719680786133,1989400,0.0,0
2014-04-28,33.9032331558351,33.90951985893691,33.450688837168286,33.73352813720703,3249800,0.0,0
2014-04-29,33.752381938539834,34.091791936474486,33.73981093146732,33.98493957519531,1784900,0.0,0
2014-04-30,33.89065471143259,34.255206685760996,33.72723643176157,34.12321472167969,2470200,0.0,0
2014-05-01,33.82152091659971,34.016365529952154,33.69581324489447,33.85294723510742,2032900,0.0,0
2014-05-02,33.92208959724123,34.418631228328664,33.871805565008536,34.3243522644043,1085400,0.0,0
2014-05-05,34.072929025122455,34.299202322533795,33.99122108813708,34.186065673828125,1269900,0.0,0
2014-05-06,34.098076042896636,34.52548069017916,34.07922073123472,34.28663635253906,1897700,0.0,0
2014-05-07,34.23635609054087,34.701471379736496,34.11693271811062,34.57576370239258,2204800,0.0,0
2014-05-08,34.31806156529891,34.35577458508186,34.035222308787,34.13578796386719,2182800,0.0,0
2014-05-09,34.15464755817112,34.15464755817112,33.77124020082251,34.0163688659668,1389700,0.0,0
2014-05-12,35.273438433790034,35.71970080065287,35.235727809600554,35.436859130859375,3356700,0.0,0
2014-05-13,35.053449486671916,35.38657276595448,35.02830747375548,35.22943878173828,1319600,0.0,0
2014-05-14,35.47456817413076,35.769980838047225,35.399144531438566,35.44942855834961,3878600,0.0,0
2014-05-15,35.73227630016492,35.73856300385835,35.42429495408496,35.66313934326172,2019100,0.0,0
2014-05-16,34.802038166112794,34.839751189836385,34.475199153532174,34.6826171875,2073800,0.0,0
2014-05-19,34.17349921887873,34.21121223936014,33.884373254877794,34.204925537109375,2574500,0.0,0
2014-05-20,33.95979739610112,33.966084098444064,33.38782976428915,33.55125045776367,2937700,0.0,0
2014-05-21,33.890661215604425,33.90323222378773,33.61410622859566,33.771240234375,2213400,0.0,0
2014-05-22,34.21749981600079,34.37463381985441,34.098078836234905,34.1295051574707,2131500,0.0,0
2014-05-23,34.17349727620855,34.53804926044852,34.16721297198942,34.330631256103516,1203100,0.0,0
2014-05-27,34.24893168801537,34.368352678775665,34.11693729039364,34.30550003051758,1440900,0.0,0
2014-05-28,33.5638222999737,33.59524861944714,33.28726493418867,33.31869125366211,3483200,0.0,0
2014-05-29,33.35641007172521,33.683249125925194,33.312412737282415,33.632965087890625,1116800,0.0,0
2014-05-30,32.50788800932124,32.589595976372465,32.16219123458546,32.294185638427734,5724600,0.0,0
2014-06-02,32.72787219894112,33.035855920933,32.65244854367415,33.023284912109375,3140200,0.0,0
2014-06-03,32.71529509411568,32.872429078619284,32.55816110961207,32.815860748291016,5349700,0.0,0
2014-06-04,32.878721907149846,33.08613755855273,32.85986419507702,33.023284912109375,2096500,0.0,0
2014-06-05,33.142698988077235,33.34383029196319,33.06727534853857,33.287261962890625,2439100,0.0,0
2014-06-06,33.63296203727503,33.6643907570334,33.30612541039506,33.60782241821289,1863600,0.0,0
2014-06-09,33.57009897248578,33.70209092286996,33.394109705306875,33.51981735229492,2314100,0.0,0
2014-06-10,33.27469272172163,33.299834735459584,33.07356140716681,33.21812438964844,2385400,0.0,0
2014-06-11,33.26212191636275,33.469539934445855,33.2369823001469,33.36268997192383,1264200,0.0,0
2014-06-12,32.407317187903494,32.58959080659741,32.20618585869502,32.243896484375,5956200,0.0,0
2014-06-13,32.28789397646805,32.44502797806342,32.16218629565684,32.432456970214844,2746800,0.0,0
2014-06-16,32.394749535549884,32.50159951627673,32.31932348102819,32.36332321166992,1152100,0.0,0
2014-06-17,32.26275178044058,32.74672235672828,32.21246775306428,32.734153747558594,2402900,0.0,0
2014-06-18,32.828429648067555,33.299831571327005,32.765577017369296,33.243263244628906,1472800,0.0,0
2014-06-19,33.406686271756485,33.49468091999643,33.029563268003955,33.2055549621582,1535300,0.0,0
2014-06-20,33.324977973336374,33.324977973336374,32.92271532945026,33.07356262207031,1829100,0.0,0
2014-06-23,33.51353779787974,33.73352442876482,33.36269050746554,33.68324279785156,2041800,0.0,0
2014-06-24,33.23698466136169,33.29983730287811,32.771866962046566,32.878719329833984,2604100,0.0,0
2014-06-25,32.847291770015,33.293554172151005,32.83472315940805,33.22441482543945,2422400,0.0,0
2014-06-26,33.63924352668606,33.82780382763867,33.53867787299971,33.8089485168457,1724600,0.0,0
2014-06-27,33.463254966737054,33.62038895392602,33.3061209795481,33.58267593383789,1390800,0.0,0
2014-06-30,33.50724990414724,34.18606743365122,33.34382922641581,34.11692810058594,2184400,0.0,0
2014-07-01,34.462626569654084,34.764323531632414,34.462626569654084,34.49405288696289,2068700,0.0,0
2014-07-02,34.65747366448913,35.20429929749032,34.65747366448913,35.135162353515625,1907600,0.0,0
2014-07-03,35.48085670980342,35.72598535947585,35.40543306321371,35.61913299560547,1561700,0.0,0
2014-07-07,35.17915854434766,35.39286086723715,35.166587537392466,35.2734375,2080200,0.0,0
2014-07-08,35.53114110285788,35.58770944161486,35.12259412087939,35.22315979003906,1586700,0.0,0
2014-07-09,35.19172947028438,35.36771877190312,35.08487711024842,35.27972412109375,928100,0.0,0
2014-07-10,34.67632825002414,34.915172589532226,34.46891262709762,34.6700439453125,1879600,0.0,0
2014-07-11,34.31806293959925,34.77060960441994,34.29292332307822,34.6700439453125,1457900,0.0,0
2014-07-14,34.871174143863506,35.05345014441638,34.839747825965446,35.00945281982422,1617400,0.0,0
2014-07-15,35.34258092846329,35.45571760647526,34.940318250053934,35.411720275878906,2466800,0.0,0
2014-07-16,36.027680755421876,36.14081741915667,35.91454409168709,36.077964782714844,2634000,0.0,0
2014-07-17,35.688274415902356,35.92711877463414,35.41171943051662,35.443145751953125,1778300,0.0,0
2014-07-18,35.279727981578176,35.52485664927732,35.267156973276336,35.51856994628906,1429300,0.0,0
2014-07-21,35.47457114639329,35.53113948257065,35.29858183280798,35.480857849121094,1152300,0.0,0
2014-07-22,35.870547394031824,36.14710235595703,35.788837047088805,36.14710235595703,2482400,0.0,0
2014-07-23,36.10939080520972,36.51793773408445,36.0653934805259,36.4299430847168,2487900,0.0,0
2014-07-24,36.4739455776737,36.8824949621133,36.398521924338986,36.71907424926758,2266000,0.0,0
2014-07-25,36.7944944452353,36.844776073565654,36.43622915181211,36.605934143066406,1870100,0.0,0
2014-07-28,36.80707176786382,37.00820311104821,36.436235404303595,36.800785064697266,1481700,0.0,0
2014-07-29,37.12133294587476,37.29103793495586,36.98305427380699,37.01448059082031,1938700,0.0,0
2014-07-30,36.81963785903884,36.86991948928216,36.41108852406773,36.649932861328125,2310100,0.0,0
2014-07-31,36.30423749244192,36.392234544518956,35.851693212989716,36.008827209472656,2805300,0.0,0
2014-08-01,35.59399264230003,35.86426330113693,35.392861323771335,35.600276947021484,2042700,0.0,0
2014-08-04,35.769984135260486,36.253957149356395,35.631705446183204,36.10310745239258,2025000,0.0,0
2014-08-05,35.68827086021087,35.72598388078204,35.33629225891091,35.5814208984375,2768900,0.0,0
2014-08-06,35.37400634248063,36.14082105205844,35.37400634248063,35.93340301513672,2177400,0.0,0
2014-08-07,36.61850748325643,36.86363854519037,35.44314579678699,35.883121490478516,3027500,0.0,0
2014-08-08,35.65684810732878,36.153392138298436,35.556282440090904,36.12825012207031,1421500,0.0,0
2014-08-11,36.78193172872758,37.21562076122927,36.73793439489443,37.115055084228516,3383600,0.0,0
2014-08-12,36.97048494124472,37.2847529209545,36.844777269825926,37.19675827026367,2114200,0.0,0
2014-08-13,36.588545326219105,36.824929516575494,36.46076923190101,36.72909927368164,4216800,0.958,0
2014-08-14,36.20522203066925,36.26272115917679,36.032727082273226,36.230777740478516,3534800,0.0,0
2014-08-15,36.620494314341244,36.83132526762458,36.39688794309527,36.62688446044922,2324400,0.0,0
2014-08-18,36.65243524578842,36.83771047631797,36.57577055758279,36.80576705932617,1465500,0.0,0
2014-08-19,36.326609845073875,36.550216209465184,36.16050017113183,36.40327453613281,3521200,0.0,0
2014-08-20,36.63326797689792,36.94631929794145,36.582156562390246,36.75465393066406,1807500,0.0,0
2014-08-21,36.49270888407919,36.59492926157027,36.34576724375614,36.57576370239258,1196600,0.0,0
2014-08-22,36.06467043107283,36.141335123225424,35.77078708021567,35.96883773803711,1401600,0.0,0
2014-08-25,36.21160754467408,36.34577134832124,35.988001205262144,36.03272247314453,1687300,0.0,0
2014-08-26,35.41939916225442,35.77078404885655,35.41939916225442,35.73883819580078,2409900,0.0,0
2014-08-27,35.58551078179953,35.64300990848555,35.298015148369394,35.57912063598633,1659200,0.0,0
2014-08-28,34.21191854834088,34.38441591156461,34.058589183559555,34.301361083984375,4797100,0.0,0
2014-08-29,34.33330535888672,34.38441433242449,34.12247444558713,34.33330535888672,1785600,0.0,0
2014-09-02,34.49940823376021,34.49940823376021,34.16080371060544,34.199134826660156,2054800,0.0,0
2014-09-03,34.473859306346654,34.62080096672672,34.192753839157795,34.32052993774414,1437300,0.0,0
2014-09-04,34.071373788173695,34.34608915760324,33.72637899336432,33.84137725830078,3614500,0.0,0
2014-09-05,33.64970479668006,33.866923425181064,33.496375433694816,33.83498001098633,2434000,0.0,0
2014-09-08,33.502765423955246,33.541098985876054,33.10666169927936,33.13221740722656,3246600,0.0,0
2014-09-09,33.093879481111756,33.368597212500205,32.978881247640956,33.304710388183594,2852100,0.0,0
2014-09-10,33.40054958755244,33.496382286869775,33.15138749387951,33.483604431152344,2861000,0.0,0
2014-09-11,33.438881578518036,33.64332238610675,33.20249735170482,33.528324127197266,3435400,0.0,0
2014-09-12,33.61776952338799,33.61776952338799,33.23444358597211,33.400550842285156,3167200,0.0,0
2014-09-15,33.69443341082701,33.815819377305054,33.58582286218738,33.6433219909668,2197800,0.0,0
2014-09-16,33.34304249284496,34.51857812972811,33.32387693240907,34.33330535888672,4563900,0.0,0
2014-09-17,34.14803642763694,34.16720199159563,33.694433541685775,33.73915481567383,2977000,0.0,0
2014-09-18,33.78387255624458,33.96275763348739,33.78387255624458,33.9435920715332,1746700,0.0,0
2014-09-19,33.53471166835109,33.566655085094226,32.94694256434625,33.01721954345703,3253600,0.0,0
2014-09-22,32.27612191994181,32.28889977440313,31.92473945219852,32.052513122558594,3687600,0.0,0
2014-09-23,32.36555807443833,32.614720094428094,32.327224518622195,32.538055419921875,2890100,0.0,0
2014-09-24,33.17693939999927,33.291937651139335,32.91499948065279,33.068328857421875,3203100,0.0,0
2014-09-25,32.56361464960999,32.576392502932215,32.033344703805916,32.3336181640625,3392200,0.0,0
2014-09-26,32.06529503867865,32.333625142102136,32.04612947312227,32.24418258666992,1869800,0.0,0
2014-09-29,31.503083130801713,31.784188645476465,31.490305275071933,31.541414260864258,1915900,0.0,0
2014-09-30,31.477523997796734,31.618077958419562,31.27308320259618,31.420024871826172,2879400,0.0,0
2014-10-01,31.36252691940303,31.477525175647255,30.991976441032403,31.06864356994629,2885200,0.0,0
2014-10-02,31.228366122438622,31.381695520855658,30.74920748741341,31.298643112182617,3024900,0.0,0
2014-10-03,30.493654068382007,30.512819633165705,29.918665190730266,30.135881423950195,5175400,0.0,0
2014-10-06,30.845033938533042,36.3010535063608,30.583094014589985,32.883056640625,19088900,0.0,0
2014-10-07,32.44223183074354,32.5316743822268,31.01114613275787,31.54780387878418,12196900,0.0,0
2014-10-08,31.03669766723638,31.950291060965306,30.62781365713652,31.82890510559082,7311900,0.0,0
2014-10-09,31.873629199376218,31.899184909232947,31.075031544803245,31.27308464050293,4669000,0.0,0
2014-10-10,30.653371344699433,31.081420944579108,30.346710145161413,30.50642967224121,5052700,0.0,0
2014-10-13,31.61808132166723,32.30168076029548,31.58613546385373,31.701133728027344,4988000,0.0,0
2014-10-14,32.295284226882536,32.97888353031618,32.18667613060163,32.44861602783203,4300700,0.0,0
2014-10-15,31.62446972666991,32.244182337557966,31.22836593976168,32.03974151611328,6169600,0.0,0
2014-10-16,31.151699594033573,32.148350451701475,31.08781274963419,31.816133499145508,5618000,0.0,0
2014-10-17,31.867236045318744,32.141953786520936,31.67557312839601,31.899179458618164,3704400,0.0,0
2014-10-20,32.02057436573082,32.15474063853998,31.77141226028467,32.071685791015625,1596300,0.0,0
2014-10-21,32.39751013132318,32.69139349296113,32.37834456686362,32.512508392333984,1899600,0.0,0
2014-10-22,31.899181461303037,31.988623999007253,31.528631019812583,31.586130142211914,2778600,0.0,0
2014-10-23,31.49030620416284,31.605304471996966,31.31141865579484,31.407251358032227,1925700,0.0,0
2014-10-24,31.081423387845817,31.400862467116067,30.953647268712366,31.330585479736328,2595300,0.0,0
2014-10-27,30.691699245731677,31.023916093216517,30.608644424578934,30.928083419799805,2141200,0.0,0
2014-10-28,31.413632628923292,31.535021018494234,31.24752540783458,31.477521896362305,1791800,0.0,0
2014-10-29,31.42002354419153,31.48391037606976,30.448928589458674,30.659759521484375,2427300,0.0,0
2014-10-30,30.16143102666987,30.461704478811292,29.912268986436036,30.23809814453125,3304800,0.0,0
2014-10-31,30.10393623776581,30.774757774240516,29.944216708265802,30.646984100341797,2874800,0.0,0
2014-11-03,30.672535181297135,30.7300343052939,30.308374875026452,30.442541122436523,1902300,0.0,0
2014-11-04,30.487258417487986,30.487258417487986,30.129485866252924,30.340316772460938,2325100,0.0,0
2014-11-05,30.40420427420604,30.742808836071035,30.21254136064333,30.429759979248047,2514400,0.0,0
2014-11-06,30.238099578406967,30.34031996994312,29.99532523458621,30.103933334350586,2289900,0.0,0
2014-11-07,30.66615025901219,31.100587582651663,30.63420683991772,30.90253448486328,2559900,0.0,0
2014-11-10,30.985593441579773,31.017536864918892,30.538378203451163,30.685319900512695,1875400,0.0,0
2014-11-11,30.129489279394647,30.525592995083766,30.059212302697496,30.468093872070312,3168500,0.0,0
2014-11-12,30.436150454133546,30.659759237891873,30.30837435443256,30.461706161499023,1555600,0.0,0
2014-11-13,30.551148700151796,30.806700899553768,30.282821084193476,30.461706161499023,1520700,0.0,0
2014-11-14,30.12949175658479,30.81948128947586,30.10393604711625,30.71087074279785,2216900,0.0,0
2014-11-17,30.781150290563133,30.921704267227238,30.52559804883327,30.793928146362305,1104900,0.0,0
2014-11-18,30.321152642669936,30.333930496535803,29.99532589903283,30.193376541137695,3159000,0.0,0
2014-11-19,29.682274968439724,29.695052822476196,29.31172694988791,29.496999740600586,3141200,0.0,0
2014-11-20,28.44285083858155,29.037007615040817,28.430072985234148,28.94756507873535,3814300,0.0,0
2014-11-21,30.38503804276341,30.704477037353378,30.25087181281977,30.353092193603516,3853200,0.0,0
2014-11-24,30.28282349046005,30.301989053943853,29.631167523618327,30.027271270751953,3568100,0.0,0
2014-11-25,29.976163134539885,30.212549816650025,29.91866643779223,30.04644012451172,2082100,0.0,0
2014-11-26,30.28920312099988,30.423366903857673,30.1167057842716,30.30198097229004,1919200,0.0,0
2014-11-28,30.340318656944483,30.34670636489627,29.714216044113403,29.77171516418457,1957200,0.0,0
2014-12-01,29.880331965870926,30.155049770838264,29.548115028767945,29.74616813659668,2614200,0.0,0
2014-12-02,29.841995353728894,29.988937023720446,29.44589161561573,29.52255630493164,1986300,0.0,0
2014-12-03,30.116709949964257,30.429761257059113,29.96338058752593,30.186986923217773,3359600,0.0,0
2014-12-04,29.548112069411385,29.784496283571244,29.2158951655812,29.356449127197266,3961200,0.0,0
2014-12-05,28.97312269360606,29.100898809117208,28.711182753515224,28.934791564941406,2550500,0.0,0
2014-12-08,28.947564981181635,29.03700751718568,28.589792400039133,28.698400497436523,3066500,0.0,0
2014-12-09,28.372576499363703,29.19033969255158,28.334242935760564,28.72395896911621,2493700,0.0,0
2014-12-10,28.39174129476815,28.40451914895696,27.848695895939322,27.957304000854492,2342000,0.0,0
2014-12-11,27.43342451791799,27.759253711111143,27.305650848637917,27.40787124633789,2208900,0.0,0
2014-12-12,27.19065215522524,27.331203676577193,26.685937883531306,26.692325592041016,2406500,0.0,0
2014-12-15,26.500662533208192,26.673159907701198,26.002338409423828,26.002338409423828,2785200,0.0,0
2014-12-16,26.807326543145958,27.465372693764348,26.57733001959986,26.8712158203125,4591000,0.0,0
2014-12-17,27.784803687502173,28.442847209613607,27.63785961131855,28.155351638793945,6138400,0.0,0
2014-12-18,28.385355720109867,28.532297398637834,27.893419263928408,28.315078735351562,3177600,0.0,0
2014-12-19,28.39174535700789,29.15201194869761,28.276747089981324,28.992292404174805,3808200,0.0,0
2014-12-22,28.832569435785743,28.87729070797133,28.34702071330428,28.462018966674805,2559800,0.0,0
2014-12-23,28.410907845474878,28.941175363067824,28.35340872312129,28.679235458374023,1757000,0.0,0
2014-12-24,28.519514714761034,28.81978816711477,28.347017355140352,28.76228904724121,772000,0.0,0
2014-12-26,28.826181721880697,29.445894313200707,28.787850592274435,29.286174774169922,1843000,0.0,0
2014-12-29,29.362836698385426,29.650332328923938,29.215895028804965,29.254228591918945,3044300,0.0,0
2014-12-30,29.47783237297697,29.95699090293336,29.47783237297697,29.75255012512207,3475400,0.0,0
2014-12-31,29.752552137647623,29.835606970853437,29.394779533714217,29.426725387573242,1711600,0.0,0
2015-01-02,29.215896604841006,29.330894863259932,29.011455798124395,29.209508895874023,1573200,0.0,0
2015-01-05,28.27674444829276,28.436463977894142,28.008416808383217,28.38535499572754,3017700,0.0,0
2015-01-06,28.500352607580947,28.941177621947556,28.327855227056652,28.72395896911621,4357200,0.0,0
2015-01-07,28.60257632559887,29.17117751415976,28.557855048102635,28.992292404174805,2919200,0.0,0
2015-01-08,29.06895407827385,29.43950455282865,28.992289387276045,29.190340042114258,2797100,0.0,0
2015-01-09,28.96034773377805,29.1456205452182,28.781460194380802,29.08812141418457,2017700,0.0,0
2015-01-12,28.32146691825543,28.57062898358001,28.046749144403584,28.474796295166016,2781700,0.0,0
2015-01-13,28.353412766448525,28.47479873667124,27.855086155945006,28.033973693847656,2689600,0.0,0
2015-01-14,27.043711772414138,27.47814664837162,26.877602097756146,27.439815521240234,5529200,0.0,0
2015-01-15,27.625093337563307,27.75286702276114,27.45259593799404,27.535648345947266,2895700,0.0,0
2015-01-16,27.906192178668743,28.2384090423584,27.84869305923926,28.2384090423584,2623200,0.0,0
2015-01-20,28.021189932586026,28.168131582556978,27.848692577282858,28.091466903686523,2007500,0.0,0
2015-01-21,27.918969295855444,28.500348182710706,27.86785788565331,28.46840476989746,1833900,0.0,0
2015-01-22,28.80701294239443,28.9092333384819,28.423687066348023,28.685626983642578,2776100,0.0,0
2015-01-23,27.80397844419374,27.899808708084024,27.48453935697248,27.522872924804688,2708100,0.0,0
2015-01-26,27.490923480599324,28.046749174596442,27.363149812078454,27.899805068969727,2466200,0.0,0
2015-01-27,27.79119677065291,28.04035883451853,27.61869939479368,27.957304000854492,1322300,0.0,0
2015-01-28,28.161742918080318,28.161742918080318,27.61230745773398,27.644250869750977,1748300,0.0,0
2015-01-29,28.091476671493986,28.340638792304837,27.695370412491414,28.295917510986328,4091500,0.0,0
2015-01-30,27.931753219605437,28.55785350791259,27.81036481255368,28.193693161010742,2459800,0.0,0
2015-02-02,28.334237775634413,28.902841231792873,28.276738659264506,28.8645076751709,2683800,0.0,0
2015-02-03,29.343667933158564,30.295594827237895,29.177558281585167,30.23809814453125,8072700,0.0,0
2015-02-04,29.631161443563848,29.80365879090288,29.426720684597452,29.560884475708008,2698200,0.0,0
2015-02-05,30.00171322738999,30.391429235420144,29.86116171089859,30.308374404907227,4201500,0.0,0
2015-02-06,29.567276522118895,29.771717311086547,29.445890565271366,29.541723251342773,2412400,0.0,0
2015-02-09,29.79727476043998,30.270045635761985,29.79088705165424,30.027271270751953,1965800,0.0,0
2015-02-10,29.426725970242053,29.465057096229504,29.030619796110532,29.254228591918945,2738600,0.0,0
2015-02-11,29.088122716364474,29.369230674947264,28.653685359579114,29.2606201171875,3110200,0.0,0
2015-02-12,30.22532449636835,30.270045769445787,29.861164165808326,30.123104095458984,5140400,0.0,0
2015-02-13,30.761984558362105,31.566969972323815,30.761984558362105,31.541414260864258,4302900,0.0,0
2015-02-17,31.388084866360497,31.637246960274197,31.2091973232704,31.541414260864258,2844400,0.0,0
2015-02-18,31.17085917164337,31.8352928971604,31.13252561308908,31.528629302978516,3364100,0.0,0
2015-02-19,31.713911582441956,31.963073675765752,31.439193777719105,31.694746017456055,2903100,0.0,0
2015-02-20,31.7394637525795,31.988625818103586,31.681964626910364,31.90557098388672,1993600,0.0,0
2015-02-23,31.305035156947657,31.375312156424012,30.92170917069305,31.030317306518555,3227200,0.0,0
2015-02-24,31.37530027787671,31.765016264062915,31.260302038112705,31.57335090637207,2034900,0.0,0
2015-02-25,31.477518793000534,31.598904733477706,31.273078031604182,31.41362953186035,1597800,0.0,0
2015-02-26,31.547796438084163,31.63084882365789,31.30502211479856,31.496685028076172,1577900,0.0,0
2015-02-27,31.413632960204136,31.73307198938885,31.38807969008541,31.51585578918457,3348900,0.0,0
2015-03-02,31.087801339932522,31.20279956734681,30.787527919781212,30.966415405273438,2501300,0.0,0
2015-03-03,30.83864264486076,31.049471126390692,30.723644405071248,30.825864791870117,2532300,0.0,0
2015-03-04,30.195615549938065,30.313541781137136,29.927006356468702,30.215269088745117,2761200,1.198,0
2015-03-05,29.95321487715259,30.005625150768566,29.71736239793429,29.7894287109375,4409000,0.0,0
2015-03-06,28.983603628016244,29.1866968925517,28.787058211889466,28.97705078125,3675200,0.0,0
2015-03-09,28.852575147868937,28.970501401814417,28.708442504340272,28.904985427856445,1741300,0.0,0
2015-03-10,28.4267280664942,28.498794383193857,28.05329578830389,28.112258911132812,2909900,0.0,0
2015-03-11,28.03364316490121,28.07295024862161,27.69951795820522,27.863304138183594,2689900,0.0,0
2015-03-12,28.55775804875761,28.577411590347868,27.84365021389297,27.961576461791992,1714100,0.0,0
2015-03-13,27.55538456628188,27.568487759034735,27.103333163432985,27.4505615234375,2030400,0.0,0
2015-03-16,27.568488837643965,27.8698547852151,27.326083510999787,27.85019874572754,2153800,0.0,0
2015-03-17,28.02053834570237,28.223634096802474,27.77813551316127,27.876405715942383,1908000,0.0,0
2015-03-18,27.312985068445588,28.223638414955012,27.18850845954009,28.131916046142578,3206500,0.0,0
2015-03-19,27.843652490884796,27.850202838890976,27.48987371825649,27.568492889404297,1974300,0.0,0
2015-03-20,28.138464737181664,28.721543107306978,28.04674488109615,28.551206588745117,3862600,0.0,0
2015-03-23,28.931190269488752,29.068770058671042,28.734647356488523,28.950843811035156,3595700,0.0,0
2015-03-24,28.61017097095502,28.71499653360374,28.118812392344516,28.197431564331055,3195700,0.0,0
2015-03-25,28.70843711502978,28.846016885745964,28.335004880698204,28.367761611938477,2159600,0.0,0
2015-03-26,28.308797159812716,28.4725833074615,27.91571140512695,27.987777709960938,2024500,0.0,0
2015-03-27,27.483321783960474,27.588144840261734,27.22781574042482,27.437461853027344,2119100,0.0,0
2015-03-30,27.568493798129698,28.00743960520178,27.339191623491974,27.75848388671875,3280800,0.0,0
2015-03-31,27.070578786318237,27.31298162538928,26.978858928246957,27.12299156188965,2451400,0.0,0
2015-04-01,26.880585080239292,27.14264394859195,26.834725153154366,26.92644500732422,4054400,0.0,0
2015-04-02,26.89368782671867,27.01161406560008,26.697144928309157,26.991960525512695,2993000,0.0,0
2015-04-06,27.18195612419351,27.542285228202168,27.16230008272403,27.306432723999023,1991300,0.0,0
2015-04-07,27.679862450438343,28.262940809880778,27.58158974975943,27.83054542541504,3252600,0.0,0
2015-04-08,28.590513519204432,28.61016705992493,27.745376279722272,27.876405715942383,1994000,0.0,0
2015-04-09,27.59469494072738,27.889510564927424,27.509527926430856,27.601247787475586,2258600,0.0,0
2015-04-10,27.240919791574896,27.35229319900691,27.103337495269813,27.155750274658203,4080500,0.0,0
2015-04-13,27.201608265615363,27.299878471186588,26.729903281501638,26.834726333618164,3306300,0.0,0
2015-04-14,27.941923638732916,28.217083224787253,27.823997387801402,28.05329704284668,3710800,0.0,0
2015-04-15,28.053291830949107,28.41362086443866,26.965751884880127,27.90260887145996,5642200,0.0,0
2015-04-16,28.217086911664122,28.31535963334041,27.620905231469813,27.810897827148438,4571400,0.0,0
2015-04-17,27.326082877247377,27.58814173812281,27.312979684285754,27.529178619384766,1913400,0.0,0
2015-04-20,27.810892318330634,28.223634168763827,27.751929196840177,27.909162521362305,2225300,0.0,0
2015-04-21,27.502975421026953,27.653658408781844,27.16229986207636,27.326086044311523,3154400,0.0,0
2015-04-22,28.033639605210396,28.479138158116797,27.915713370665852,28.426725387573242,4577500,0.0,0
2015-04-23,28.826368017890225,29.488063093207668,28.773955240070055,29.396343231201172,4008400,0.0,0
2015-04-24,30.084245409385353,30.254584442164578,29.83529220636781,29.953218460083008,5026800,0.0,0
2015-04-27,29.835293462456885,30.195622586566188,29.78288068118624,29.894256591796875,2505000,0.0,0
2015-04-28,30.058044767206123,30.13011109661746,29.776332297241332,29.92701530456543,2648500,0.0,0
2015-04-29,29.429096505384244,29.737015290903763,29.245656802953132,29.586332321166992,2617900,0.0,0
2015-04-30,28.904984836063303,29.540476024960956,28.793611431383283,29.34393310546875,4398300,0.0,0
2015-05-01,30.346300660514075,30.36595420071246,29.651846416421293,30.051485061645508,2837400,0.0,0
2015-05-04,30.123553438343514,30.18906940879082,29.861497054090464,29.99907684326172,1223600,0.0,0
2015-05-05,30.103900327763075,30.41836949287588,29.96632053662224,30.077693939208984,2258900,0.0,0
2015-05-06,30.20872118740521,30.248028268200972,29.776325804401758,29.920455932617188,2193100,0.0,0
2015-05-07,29.75666969344236,29.887699127197266,29.435650204880346,29.887699127197266,2733600,0.0,0
2015-05-08,30.35941180267394,30.43147813450847,29.868053175634017,30.208728790283203,1915700,0.0,0
2015-05-11,30.811456476020535,31.034205788697825,30.562503272988575,30.713186264038086,3326900,0.0,0
2015-05-12,30.464231524471934,30.850767035179704,30.365958810205285,30.64112091064453,1816400,0.0,0
2015-05-13,30.654219940219704,30.876969229666262,30.411814611083518,30.45112419128418,2415200,0.0,0
2015-05-14,30.601808650360606,30.77869802107225,30.313545879115,30.372509002685547,1590200,0.0,0
2015-05-15,30.2938928722225,30.352855996833522,30.103900304122682,30.221826553344727,2112200,0.0,0
2015-05-18,30.084246159944886,30.241482001880915,29.848396145809225,29.900806427001953,1605700,0.0,0
2015-05-19,29.05566965126318,29.173595910209183,28.767406851161265,28.990156173706055,3195900,0.0,0
2015-05-20,29.291521227179736,29.48151380483606,29.055668716872425,29.239110946655273,1825900,0.0,0
2015-05-21,29.645300389799786,29.65840358490117,29.37669113816876,29.46186065673828,1652800,0.0,0
2015-05-22,29.52737731390478,29.704266718060477,29.35048790974908,29.40290069580078,2335500,0.0,0
2015-05-26,29.31772862716793,29.343935017922544,28.83947324220164,29.022912979125977,1733100,0.0,0
2015-05-27,28.852575761702195,29.160492098729485,28.767406243334303,29.108081817626953,2088200,0.0,0
2015-05-28,28.780509115039234,28.97705204052855,28.53810625690837,28.918088912963867,1795900,0.0,0
2015-05-29,28.734647098508297,28.891880427825345,28.498794605354018,28.675683975219727,1471100,0.0,0
2015-06-01,28.675684922773947,28.747751242416737,28.118810406829805,28.282596588134766,1833500,0.0,0
2015-06-02,28.734650623530776,29.48151527735513,28.695341036789856,29.278419494628906,2498800,0.0,0
2015-06-03,29.088423522821255,29.252209685676828,28.787055083791333,28.891878128051758,2674800,0.0,0
2015-06-04,28.885332361925133,29.036015355746738,28.58396637428192,28.721546173095703,1341300,0.0,0
2015-06-05,28.466037150568333,28.89187969761986,28.367764447844863,28.58396339416504,1371100,0.0,0
2015-06-08,28.472582660264855,28.60361207524117,28.18431994665954,28.335002899169922,1602600,0.0,0
2015-06-09,28.15811880786583,28.230185124483008,27.771583336247154,27.791236877441406,2748800,0.0,0
2015-06-10,28.839469476540337,29.11462904599838,28.583963447992538,28.760852813720703,3348800,0.0,0
2015-06-11,28.839472020876684,28.97705181774356,28.61016986025302,28.937742233276367,1839300,0.0,0
2015-06-12,28.846024362019207,28.957400276116466,28.649481424459445,28.852577209472656,1435100,0.0,0
2015-06-15,28.57086372375488,28.741200263744904,28.505347747467216,28.570863723754883,1349500,0.0,0
2015-06-16,28.210531756402354,28.26294203296821,28.04674558096867,28.177772521972656,1625000,0.0,0
2015-06-17,28.24328335104595,28.459479763695217,27.94846778908945,28.348106384277344,1652500,0.0,0
2015-06-18,28.6101635393348,28.74119295943124,28.361210390247713,28.616716384887695,1564000,0.0,0
2015-06-19,28.505342565608515,28.62982164833711,28.256389398508325,28.276042938232422,1555800,0.0,0
2015-06-22,28.66258242611949,28.780508679464116,28.485693046102547,28.518449783325195,1189000,0.0,0
2015-06-23,28.289150162566823,28.728095940148645,28.276046967823937,28.69533920288086,1834100,0.0,0
2015-06-24,28.74774897910876,28.95084222846297,28.50534365045324,28.557756423950195,1506700,0.0,0
2015-06-25,28.420178237019364,28.492244555032208,28.066399493599256,28.105709075927734,1343100,0.0,0
2015-06-26,27.987781957572587,28.158118477340278,27.90916279536104,28.06639862060547,1018200,0.0,0
2015-06-29,27.751930117611852,27.915716293944143,27.522627971239416,27.54228401184082,1415900,0.0,0
2015-06-30,27.588143492952202,27.588143492952202,26.762659778112088,26.998512268066406,4930600,0.0,0
2015-07-01,26.893686148021303,26.95264926378155,26.611973761519955,26.684040069580078,2832800,0.0,0
2015-07-02,27.04436593543435,27.28021837078399,26.762653582008735,26.88713264465332,2034100,0.0,0
2015-07-06,26.179580093305034,26.526808463600982,25.98958754152517,26.29750633239746,2696100,0.0,0
2015-07-07,25.655464590074313,26.127169541415878,25.065833400897354,26.02234649658203,4327600,0.0,0
2015-07-08,25.157557658472232,25.3213438346363,24.8692923889491,25.006872177124023,4235500,0.0,0
2015-07-09,25.714428429524826,25.838905017759636,25.24272346496582,25.24272346496582,2650500,0.0,0
2015-07-10,26.081314713528503,26.087865061720386,25.61616001817619,25.642366409301758,3449500,0.0,0
2015-07-13,26.120618175094016,26.847829183216906,25.878215338779274,26.644733428955078,6235200,0.0,0
2015-07-14,26.65128334041241,26.657833686973643,26.264747914661545,26.539907455444336,3119700,0.0,0
2015-07-15,26.638182797747316,26.638182797747316,26.297507261574076,26.51370620727539,3610200,0.0,0
2015-07-16,26.900242091198475,26.99196194868033,26.572669743518322,26.7364559173584,2228000,0.0,0
2015-07-17,26.585770763520046,26.592321110299437,26.31060871439465,26.43508529663086,1721500,0.0,0
2015-07-20,26.38922685703847,26.48094671218351,26.153374372849154,26.212337493896484,2209000,0.0,0
2015-07-21,26.14682314400587,26.605424903445215,26.081309678019622,26.199235916137695,4651100,0.0,0
2015-07-22,25.537540505534324,25.812702583411088,25.426167104398093,25.570297241210938,2784600,0.0,0
2015-07-23,25.603055034658723,25.727531622893533,25.157556456837128,25.24272346496582,2546200,0.0,0
2015-07-24,24.94790668897439,24.961007381236083,24.299312458178534,24.4958553314209,4963900,0.0,0
2015-07-27,24.46310021260234,24.626886367614624,24.109321517972983,24.2206974029541,3139800,0.0,0
2015-07-28,24.764465038644524,24.87584091868129,24.535165431478056,24.751361846923828,3475300,0.0,0
2015-07-29,24.902048657827326,25.33444405483275,24.875844769507804,25.216520309448242,2595600,0.0,0
2015-07-30,25.216523806424064,25.301690828835962,24.88239856743304,25.026531219482422,2057500,0.0,0
2015-07-31,25.5244365352784,25.576849310110198,25.2361737712395,25.301687240600586,2036500,0.0,0
2015-08-03,24.810329297293944,24.947911584823544,24.62033923207646,24.744815826416016,2385300,0.0,0
2015-08-04,25.321340931407114,25.583397283716213,25.05928207991959,25.223068237304688,2127600,0.0,0
2015-08-05,26.277854683463254,26.363024195421463,25.852009622850932,25.858562469482422,4045800,0.0,0
2015-08-06,26.087861466659273,26.513706516639274,25.884765712192422,26.38267707824707,2963900,0.0,0
2015-08-07,26.173029319682403,26.349918675437607,26.009243156854826,26.074756622314453,2638100,0.0,0
2015-08-10,26.27785640971348,27.312983818581113,26.166480502270254,27.25402069091797,3416700,0.0,0
2015-08-11,26.323716178727373,26.40233284872969,26.002694152518018,26.251649856567383,3291600,0.0,0
2015-08-12,26.170202941591626,26.473099314185976,25.914423497214177,26.44617462158203,2929100,1.069,0
2015-08-13,25.975003103655418,26.075969418370406,25.6990314201385,25.87403678894043,1607800,0.0,0
2015-08-14,25.853843742033142,26.13654787375864,25.84711385284728,25.97500228881836,1375800,0.0,0
2015-08-17,25.725955683535936,25.799997304066636,25.55768020694071,25.739418029785156,1839400,0.0,0
2015-08-18,25.301900914216617,25.517293320126583,25.227859293245064,25.423059463500977,1851200,0.0,0
2015-08-19,24.763422536889635,24.978814965740145,24.278788288135846,24.615339279174805,3512800,0.0,0
2015-08-20,25.05958536427481,25.106702295499336,24.729766845703125,24.729766845703125,2153500,0.0,0
2015-08-21,24.669186512928658,24.83746199373259,24.218206889180482,24.224939346313477,2516700,0.0,0
2015-08-24,22.609492654102812,23.699917000149775,22.380637908124566,22.979698181152344,5314900,0.0,0
2015-08-25,23.948966894538238,23.948966894538238,23.08739471435547,23.08739471435547,3737100,0.0,0
2015-08-26,23.63933876581596,23.646071222932274,22.76430678133955,23.363367080688477,2852500,0.0,0
2015-08-27,23.713379580828562,24.77014935627286,23.713379580828562,24.608606338500977,4499300,0.0,0
2015-08-28,24.09704942252088,24.871117696142267,24.09704942252088,24.635530471801758,2924400,0.0,0
2015-08-31,24.32590440998429,24.864385464147485,24.090319751187952,24.716304779052734,1769300,0.0,0
2015-09-01,23.363366108659115,23.753766439400845,22.966235888761126,23.10085678100586,3433800,0.0,0
2015-09-02,23.96242500762947,23.982619809298956,23.208551649083592,23.693185806274414,3172400,0.0,0
2015-09-03,23.861460353370106,24.447058225693574,23.81434343075096,23.9556941986084,3029700,0.0,0
2015-09-04,22.97970011035712,23.188362638751492,22.771040149642907,23.040279388427734,3201500,0.0,0
2015-09-08,23.76049445325081,24.23839614370508,23.679722951350872,24.18454933166504,3341200,0.0,0
2015-09-09,24.992275127950602,25.11343367954384,24.13743537734501,24.224939346313477,3156900,0.0,0
2015-09-10,24.473987298882147,24.79034603685952,24.265324770136193,24.487449645996094,3349200,0.0,0
2015-09-11,25.073044380687318,25.093236614906832,24.689376524437495,25.046119689941406,5021400,0.0,0
2015-09-14,24.803805121906365,25.22113016771518,24.460524266991467,25.20093536376953,3141000,0.0,0
2015-09-15,24.71630292251158,24.898040746080635,24.521102752639628,24.837461471557617,5933700,0.0,0
2015-09-16,24.77688048552179,25.15381588524522,24.770148028995397,25.046119689941406,4327900,0.0,0
2015-09-17,24.628799005369427,25.187472255833367,24.507640456077485,24.74322509765625,4249600,0.0,0
2015-09-18,24.13070115590786,24.346093550174185,23.740303404180107,23.908578872680664,5187300,0.0,0
2015-09-21,23.81434333276967,23.948964211561794,23.598950953774146,23.773956298828125,2836000,0.0,0
2015-09-22,22.952770405329012,23.0133496701745,22.62968184871296,22.912385940551758,4488500,0.0,0
2015-09-23,23.195090597556145,23.282594562524928,22.575838088989258,22.575838088989258,3781900,0.0,0
2015-09-24,22.54218636932313,22.946046528985157,22.400833002529172,22.898929595947266,5438800,0.0,0
2015-09-25,22.838351089005076,22.898930371774863,22.52199232702058,22.616226196289062,2685400,0.0,0
2015-09-28,21.79504331184033,21.821965440196838,21.51907031282335,21.57965087890625,3199400,0.0,0
2015-09-29,22.097938495499168,22.145055427106104,21.78830964363621,21.97677993774414,3409200,0.0,0
2015-09-30,22.47487298735362,22.791231715484617,22.38736901767652,22.764307022094727,4725300,0.0,0
2015-10-01,23.033547738876962,23.188360867077996,22.468142042643628,22.723918914794922,2907800,0.0,0
2015-10-02,22.74411298781795,23.444139554532793,22.508525790801283,23.41048240661621,5048800,0.0,0
2015-10-05,23.639340531402798,24.049933145042445,23.61241840396695,23.740306854248047,4294000,0.0,0
2015-10-06,23.713380100251346,23.955697199896903,23.625876132561554,23.84126853942871,2584500,0.0,0
2015-10-07,25.961536547282265,26.163466576287405,25.46344264691489,25.70575714111328,7571400,0.0,0
2015-10-08,25.732684697071647,26.224048763885737,25.5509468804122,26.123085021972656,5707100,0.0,0
2015-10-09,26.78272570329058,26.957731070687352,26.607717768213785,26.74907112121582,5070300,0.0,0
2015-10-12,26.49329501935425,26.500024909546575,26.022123107800706,26.217323303222656,2533400,0.0,0
2015-10-13,25.55094810310979,25.98173291831855,25.55094810310979,25.692298889160156,2474600,0.0,0
2015-10-14,26.35193637583032,26.500017025126898,26.176928470734936,26.41251564025879,5407300,0.0,0
2015-10-15,26.345211328710118,26.43271530586551,26.082701964924244,26.3923282623291,2699300,0.0,0
2015-10-16,26.257707082977362,26.31828636382218,25.759613056191316,25.820192337036133,2868000,0.0,0
2015-10-19,25.598060501321225,25.645177421665693,25.21439268269936,25.416322708129883,2488600,0.0,0
2015-10-20,24.985540231570486,25.3490158508654,24.938423306959645,25.24131965637207,2786600,0.0,0
2015-10-21,25.308630058873213,25.34228720754635,24.958619335328066,25.025928497314453,1827200,0.0,0
2015-10-22,25.207666354388344,25.739417465004653,25.20093389757146,25.550947189331055,2052400,0.0,0
2015-10-23,25.94134867682487,26.022120188473046,25.645182187981455,25.773073196411133,1978200,0.0,0
2015-10-26,25.92115431984389,25.94134912386399,25.416327869903164,25.443252563476562,2018600,0.0,0
2015-10-27,25.04612182832952,25.301901276893954,24.83746187643332,24.911500930786133,2697800,0.0,0
2015-10-28,24.238398840181343,25.02592941627621,24.211476715006164,24.70284080505371,3535800,0.0,0
2015-10-29,23.948970084515878,24.373022490332936,23.942237626701452,24.13743782043457,3851000,0.0,0
2015-10-30,24.554758934944612,24.696109728817703,24.406675683641268,24.574951171875,3174400,0.0,0
2015-11-02,24.117243466596786,24.42013728198521,23.948967983523172,24.3326358795166,2823300,0.0,0
2015-11-03,23.96915421908784,24.682640445381377,23.922037301037495,24.50763511657715,4063000,0.0,0
2015-11-04,24.97207907381209,25.07304538431082,24.33936422203587,24.50090980529785,2953100,0.0,0
2015-11-05,23.77395837509456,23.834537647457637,23.363365814375893,23.518178939819336,3134900,0.0,0
2015-11-06,23.3027882872067,23.423946841006675,22.999891902706764,23.370100021362305,2642900,0.0,0
2015-11-09,23.565299652968914,23.686458217163537,23.201826528065375,23.397024154663086,2345500,0.0,0
2015-11-10,23.48452690801983,23.827810344562554,23.24894224974949,23.73357391357422,3839000,0.0,0
2015-11-11,24.009543501687066,24.009543501687066,23.37682864107504,23.524911880493164,2001400,0.0,0
2015-11-12,22.905656713042518,23.26913235334501,22.86527224257333,22.878734588623047,2641200,0.0,0
2015-11-13,23.080665003561517,23.2287456770553,22.771038742634513,23.04701042175293,2536800,0.0,0
2015-11-16,22.939316195840753,23.235480136026222,22.676804272683373,23.013355255126953,2148700,0.0,0
2015-11-17,22.939317873352994,22.939317873352994,22.40083420792072,22.501800537109375,2846400,0.0,0
2015-11-18,23.06047115682601,23.34317530464005,23.006624337234832,23.309520721435547,2676800,0.0,0
2015-11-19,23.524911880493164,23.706649701320867,23.46433260688393,23.524911880493164,1832400,0.0,0
2015-11-20,23.87492704609517,23.881656935832225,23.27586671997025,23.343175888061523,2016300,0.0,0
2015-11-23,23.188359567277043,23.390289611538535,22.946042487091326,23.033546447753906,2780000,0.0,0
2015-11-24,22.939316138229152,23.235480077670807,22.919121333310702,23.10759162902832,2228700,0.0,0
2015-11-25,22.885464473123093,22.939313857310943,22.56910576021939,22.663339614868164,2491300,0.0,0
2015-11-27,22.192171702925275,22.333522493569102,22.09793784249606,22.286405563354492,2406800,0.0,0
2015-11-30,22.24601766001288,22.48833475896506,22.0912045285001,22.266212463378906,3522900,0.0,0
2015-12-01,22.30659948226826,22.528724370902125,22.25948254849992,22.48160743713379,2647900,0.0,0
2015-12-02,22.01042987016867,22.205630012816176,21.78157515029772,21.862346649169922,2583300,0.0,0
2015-12-03,21.815232773170347,21.889274394006755,21.216172484846695,21.404640197753906,3866000,0.0,0
2015-12-04,21.236364139443104,21.37771620409617,21.02097173981936,21.37098503112793,3399300,0.0,0
2015-12-07,21.04789712382123,21.05462829701081,20.724808513761324,20.87289047241211,3936800,0.0,0
2015-12-08,19.479570129886653,19.580535162184358,19.008398267377313,19.18340492248535,7861100,0.0,0
2015-12-09,20.253638502869084,20.368065889816826,19.587267702587585,19.795928955078125,5725000,0.0,0
2015-12-10,19.937276180789304,20.368060928440507,19.82284882171448,20.125743865966797,3517100,0.0,0
2015-12-11,19.2843676176254,19.51995352032837,19.149748018823615,19.203596115112305,4758000,0.0,0
2015-12-14,19.169944267646418,19.243985896991223,18.76608281897316,18.94782066345215,4946100,0.0,0
2015-12-15,19.008395699425602,19.331484272666412,18.93435408661797,18.96800994873047,3722900,0.0,0
2015-12-16,19.466109044212903,19.553611735515215,19.14975158016285,19.493032455444336,3390500,0.0,0
2015-12-17,19.176673978896083,19.183405152308577,18.51703439055235,18.523765563964844,4352500,0.0,0
2015-12-18,18.840121753942718,18.920894545661902,18.38914343612387,18.429529190063477,6799500,0.0,0
2015-12-21,19.00166627918722,19.021859798316807,18.476647620217786,18.604536056518555,4834100,0.0,0
2015-12-22,18.867046991567214,19.10936280605435,18.712232576613754,19.021860122680664,4163500,0.0,0
2015-12-23,20.13247812950131,20.240174332951025,19.91035454940627,20.09882354736328,4817400,0.0,0
2015-12-24,20.11901837957194,20.125749553636243,19.896894770810718,20.00459098815918,818800,0.0,0
2015-12-28,19.78919792175293,19.809391443301216,19.58726784163061,19.78919792175293,2684500,0.0,0
2015-12-29,19.708421846121126,19.890158362672775,19.472835951225473,19.701690673828125,2153100,0.0,0
2015-12-30,19.580535888671875,19.681500924715635,19.432453921397027,19.580535888671875,2324900,0.0,0
2015-12-31,19.479568538901137,19.71515445091443,19.45937502055488,19.600727081298828,1473100,0.0,0
2016-01-04,19.0084001396749,19.237254920139556,18.692042664957366,19.122827529907227,4876100,0.0,0
2016-01-05,19.439185483890103,19.46611018053337,19.008400608319416,19.284372329711914,2958300,0.0,0
2016-01-06,18.167022143147562,18.267987182584843,17.965092064272998,18.193946838378906,6231200,0.0,0
2016-01-07,17.33910809277707,17.72950721085108,17.29872233127706,17.37276268005371,5113000,0.0,0
2016-01-08,17.399688180443675,17.460267467411274,16.827551183438704,16.87466812133789,6100400,0.0,0
2016-01-11,17.191020507329945,17.204481567548342,16.423683585930515,16.652538299560547,8658400,0.0,0
2016-01-12,16.605423686817197,16.605423686817197,15.811163250764494,16.16790771484375,7465500,0.0,0
2016-01-13,16.706389093822814,16.780430714277564,15.965976740795307,16.02655601501465,4975600,0.0,0
2016-01-14,16.699660891633382,17.08332884071842,16.36984105322975,16.96217155456543,8703800,0.0,0
2016-01-15,15.824629513113388,16.087138904497618,15.636160474983,15.89867115020752,5599300,0.0,0
2016-01-19,16.0669412042243,16.107326954441646,15.52845897135366,15.696734428405762,4864100,0.0,0
2016-01-20,15.26595373601746,15.481346173010126,14.734202533831645,15.27941608428955,6152600,0.0,0
2016-01-21,15.629426827444894,16.208294915667327,15.488076034092023,16.066944122314453,6741700,0.0,0
2016-01-22,16.49099692545356,16.591961955984257,15.784240427898704,15.999632835388184,7717600,0.0,0
2016-01-25,15.595771410128553,15.6900052673286,15.286143861865519,15.36691665649414,6438600,0.0,0
2016-01-26,15.986171115999957,16.44388064178826,15.858281387596739,16.416955947875977,5725200,0.0,0
2016-01-27,16.140983188880977,16.63234726578073,16.02655581498816,16.221755981445312,4756900,0.0,0
2016-01-28,16.94870740976523,16.96216975696894,16.289067802864462,16.464073181152344,4477000,0.0,0
2016-01-29,16.12079036634824,16.625616770924825,16.09386567519432,16.591960906982422,3615700,0.0,0
2016-02-01,16.21502374993769,16.598691600933492,15.986169017091088,16.490995407104492,2804800,0.0,0
2016-02-02,15.535193622057117,15.710200290636426,15.400572712737606,15.64962100982666,3998500,0.0,0
2016-02-03,16.47753435879745,16.874664586238403,15.999632621547493,16.861202239990234,6284900,0.0,0
2016-02-04,17.891047644815377,18.564149514498183,17.84393071935197,18.146825790405273,10781800,0.0,0
2016-02-05,17.541035170042935,17.944896567168218,17.49391824241565,17.642000198364258,4727500,0.0,0
2016-02-08,17.48718657134062,17.978550636660422,17.413146237394866,17.790082931518555,6066400,0.0,0
2016-02-09,16.847742584140835,17.231410497364703,16.746776262690254,17.069866180419922,6523500,0.0,0
2016-02-10,17.049672920315206,17.339106974044572,16.867935079530703,16.995824813842773,5037400,0.0,0
2016-02-11,16.50445778262446,16.82754636470522,16.34964466419075,16.55157470703125,7738700,0.0,0
2016-02-12,17.67565936523841,17.992016855426584,17.48045916136214,17.850666046142578,6439500,0.0,0
2016-02-16,17.689118589171738,18.099709879686547,17.40641573670187,18.066055297851562,5003500,0.0,0
2016-02-17,18.24779488064976,18.84012405140903,18.24779488064976,18.597806930541992,5674300,0.0,0
2016-02-18,18.32856529406754,18.38241339725581,18.09297936117885,18.281448364257812,4758800,0.0,0
2016-02-19,17.992015826221486,18.44299420941235,17.95163006642772,18.422801971435547,5103100,0.0,0
2016-02-22,19.136288429047134,19.681500642950127,19.08917149849059,19.593997955322266,6848800,0.0,0
2016-02-23,19.163210830139324,19.277638205683115,18.698771438673358,18.84012222290039,7086400,0.0,0
2016-02-24,17.792320741686748,18.219280870696394,17.540344097022952,18.163286209106445,7945400,1.073,0
2016-02-25,17.93230950207011,18.051298334373747,17.547345004608633,17.96030616760254,4727500,0.0,0
2016-02-26,18.219280688949944,18.429260334063095,17.80631956321179,17.862314224243164,4312000,0.0,0
2016-02-29,18.359268956806247,18.667240298280905,18.24727962081877,18.268278121948242,4090600,0.0,0
2016-03-01,18.989207099518605,19.03120409689877,18.59024496953328,18.87021827697754,5164800,0.0,0
2016-03-02,19.339175393222018,19.990114212036133,19.304179228024363,19.990114212036133,5464900,0.0,0
2016-03-03,20.06710912218676,20.235093132773155,19.661147429515086,20.221094131469727,6133500,0.0,0
2016-03-04,20.648054416304763,21.599965148804653,20.51506657337769,21.222000122070312,11020000,0.0,0
2016-03-07,21.80994178204795,22.551872730493958,21.78194511824855,22.362890243530273,14249300,0.0,0
2016-03-08,20.91402653643267,20.92102603636839,20.1091027340783,20.284086227416992,7580600,0.0,0
2016-03-09,20.165096773317224,20.37507775982396,19.738137970621192,20.34008026123047,3176800,0.0,0
2016-03-10,19.836130612144103,20.179098128286938,19.57715443239393,20.0111141204834,6484100,0.0,0
2016-03-11,20.10210492821733,20.431074777829103,19.94112042118335,20.375080108642578,4654300,0.0,0
2016-03-14,20.144100218349397,20.340080876327246,19.892123560928614,20.11610221862793,5115500,0.0,0
2016-03-15,19.283181774688245,19.297180775534496,18.96821226575677,19.101200103759766,5100300,0.0,0
2016-03-16,19.234184484550287,19.892122766530644,18.93321267465444,19.871124267578125,6664000,0.0,0
2016-03-17,20.57805858033623,20.71104640927717,20.158097928693017,20.620054244995117,9135200,0.0,0
2016-03-18,20.802039333545775,20.956025677833413,20.30508680248212,20.38907814025879,6057200,0.0,0
2016-03-21,20.333082497477637,20.51506550064664,20.081107161182096,20.235092163085938,4917300,0.0,0
2016-03-22,19.64014671338431,19.92711953266083,19.612150048951968,19.843128204345703,4992800,0.0,0
2016-03-23,19.752139266077933,19.80113577311585,19.241187707847327,19.367176055908203,5059700,0.0,0
2016-03-24,18.77922888832705,19.45116621257967,18.709235222360594,19.395170211791992,5266900,0.0,0
2016-03-28,19.54915604130592,19.56315504114292,19.122195891404143,19.416168212890625,2548400,0.0,0
2016-03-29,18.611244694613394,19.325177676904477,18.464257864133174,19.318178176879883,5164700,0.0,0
2016-03-30,19.906122048204413,20.284085689584874,19.759135223487846,19.9691162109375,5113900,0.0,0
2016-03-31,19.829131747423766,19.955120091070757,19.668147234994066,19.78713607788086,2830900,0.0,0
2016-04-01,19.094199385042263,19.752136362618426,19.07320088511268,19.717140197753906,3577600,0.0,0
2016-04-04,20.025111809087047,20.10910313997482,19.402169652415076,19.4511661529541,3146200,0.0,0
2016-04-05,18.898217536604758,19.20618886285821,18.807226706243895,19.122196197509766,4722600,0.0,0
2016-04-06,18.856224206738812,19.3041815840273,18.69523835613476,19.297182083129883,3390800,0.0,0
2016-04-07,19.143194506485013,19.346174665271928,18.79322751856031,18.84922218322754,3217900,0.0,0
2016-04-08,19.528158025353058,19.745137188129718,19.374173028385446,19.59115219116211,4019600,0.0,0
2016-04-11,20.319086276515122,20.452072786925203,20.137103260407446,20.22809410095215,3224400,0.0,0
2016-04-12,20.84403483759912,21.033016001507423,20.508065505612716,20.956024169921875,4121400,0.0,0
2016-04-13,22.047921836515926,22.397888849793958,21.921933498132923,22.31389617919922,8338100,0.0,0
2016-04-14,22.292899949373297,22.50288096717267,21.977929090183377,22.327896118164062,6016000,0.0,0
2016-04-15,22.054920836602086,22.3278946735599,21.823942666479745,22.16691017150879,3703300,0.0,0
2016-04-18,22.0899159496446,22.78985126195833,21.963927620128487,22.71985626220703,4304900,0.0,0
2016-04-19,23.160817626352063,23.699767160719997,22.999833116611484,23.65777015686035,5199500,0.0,0
2016-04-20,24.00773684528909,24.861657221646574,23.92374550877348,24.791662216186523,11197100,0.0,0
2016-04-21,24.616677562205496,24.77066389701635,23.67876856300867,23.832752227783203,7453100,0.0,0
2016-04-22,23.657768813901182,23.83275231499518,23.258806645009773,23.48978614807129,4502900,0.0,0
2016-04-25,22.796848615559437,23.013829102011634,22.579868129107243,22.670860290527344,4322700,0.0,0
2016-04-26,22.712856685162993,22.943833494891585,22.397885880954853,22.894838333129883,4030100,0.0,0
2016-04-27,22.43988267079595,23.04182360545293,22.43988267079595,23.01382827758789,5422100,0.0,0
2016-04-28,23.307802138726338,23.965741820894046,23.237809805321266,23.363798141479492,4978600,0.0,0
2016-04-29,23.622770467533876,24.014734435022984,23.363795657425833,23.559776306152344,3976600,0.0,0
2016-05-02,23.78375622721036,23.790757062203344,23.153817249689627,23.44778823852539,3757900,0.0,0
2016-05-03,22.43988291199477,22.467878240160722,21.87293546356615,21.991924285888672,5774600,0.0,0
2016-05-04,21.655955478500687,21.872934616087235,21.277990527526068,21.382980346679688,5358600,0.0,0
2016-05-05,21.529969214877667,21.85193820232485,21.21499839235924,21.347986221313477,5039100,0.0,0
2016-05-06,21.103009708182935,21.84493936998972,21.061014042236405,21.627960205078125,4238100,0.0,0
2016-05-09,20.3470808696184,20.41007503550103,19.864126042857603,19.927120208740234,6281800,0.0,0
2016-05-10,20.221093769516777,20.753043794361027,20.158099599797183,20.711048126220703,5310700,0.0,0
2016-05-11,20.732044569051478,20.8580315609616,20.38907575240554,20.57805824279785,4476000,0.0,0
2016-05-12,20.57806110389749,20.718048449951745,19.927122214276263,20.08810806274414,4105700,0.0,0
2016-05-13,19.927119192470307,20.2140920068477,19.766134703432858,19.801132202148438,3758000,0.0,0
2016-05-16,20.389076027144224,20.76004151309618,20.284086198295363,20.312084197998047,3607600,0.0,0
2016-05-17,20.424075113575633,20.92102763174498,20.22809310548476,20.60605812072754,3823200,0.0,0
2016-05-18,20.137100732193286,20.64805221229662,19.86412557479468,19.920120239257812,4876000,0.0,0
2016-05-19,19.53515935058669,20.2490924064456,19.409171007197674,20.15110206604004,5533700,0.0,0
2016-05-20,20.368078708553558,20.51506420082822,19.696141405963118,19.81513023376465,4840600,0.0,0
2016-05-23,19.591151085544155,19.969116059068188,19.500160259520626,19.83612823486328,3925900,0.0,0
2016-05-24,20.102104822089146,20.24209216182551,19.892125147502814,20.046110153198242,3912800,0.0,0
2016-05-25,20.382079775868032,20.725047294317815,20.312086105057862,20.648054122924805,3883600,0.0,0
2016-05-26,20.69704703330886,20.816035860195377,20.179096061866975,20.242090225219727,3914800,0.0,0
2016-05-27,20.466070668357247,20.487069169649736,19.95511915207049,20.10910415649414,3585200,0.0,0
2016-05-31,19.934118194780588,20.305083661800282,19.619148724308502,19.626148223876953,4038600,0.0,0
2016-06-01,19.04519986852002,19.3391721458795,18.89821439734923,19.26218032836914,8144100,0.0,0
2016-06-02,19.024204925639232,19.30417823791504,19.003206426586775,19.30417823791504,4583900,0.0,0
2016-06-03,19.52815692329015,19.864124898632806,19.353173435921928,19.83612823486328,5145600,0.0,0
2016-06-06,20.45907144852753,20.921027803152523,20.36808061171519,20.879032135009766,6374400,0.0,0
2016-06-07,20.613055271344738,20.914025747113108,20.56405877364388,20.57105827331543,5425000,0.0,0
2016-06-08,20.99101986536509,21.291991689871423,20.92102620047695,20.949024200439453,4862900,0.0,0
2016-06-09,20.368081281885615,20.480070623963233,20.060109923663042,20.123104095458984,5089500,0.0,0
2016-06-10,19.66814740891278,19.920122763416625,19.45816638930492,19.5561580657959,5404500,0.0,0
2016-06-13,19.444166068911116,19.857127215924937,19.43716656904433,19.647146224975586,4970900,0.0,0
2016-06-14,19.39517002361048,19.52115835412408,18.863221371470146,19.122196197509766,4605400,0.0,0
2016-06-15,19.605150577652815,20.08110588885894,19.584152078034393,19.81513023376465,4985100,0.0,0
2016-06-16,19.4791606582488,19.94811643126164,19.14319270191608,19.91312026977539,4132700,0.0,0
2016-06-17,20.186098856230288,20.585061065899705,20.12310468259635,20.431076049804688,4380800,0.0,0
2016-06-20,21.033016204833984,21.31998903856248,20.984021038346413,21.033016204833984,4322700,0.0,0
2016-06-21,21.173004786578943,21.228999456580734,20.823037765313174,21.11701011657715,3386100,0.0,0
2016-06-22,21.585965161710337,21.683955496751185,21.152005484352802,21.235998153686523,4979700,0.0,0
2016-06-23,21.872937514424745,21.87993701463154,21.403981680714754,21.760948181152344,5117100,0.0,0
2016-06-24,19.906125375570877,20.725048292968303,19.899125874650764,20.130104064941406,9108700,0.0,0
2016-06-27,19.60515022277832,19.843127874073726,19.4161677346876,19.60515022277832,5702500,0.0,0
2016-06-28,20.27708769607085,20.57805953259303,20.09510469410353,20.27008819580078,6529600,0.0,0
2016-06-29,20.97702371361665,21.201003738674043,20.767044025459573,20.96302604675293,4769100,0.0,0
2016-06-30,21.431982044810134,21.914935597170025,21.17300584867449,21.907936096191406,7483800,0.0,0
2016-07-01,21.7539486984308,22.16690986583652,21.71195303217443,22.09691619873047,4142600,0.0,0
2016-07-05,21.732949373264347,21.879936202112315,21.21499839235924,21.347986221313477,4249300,0.0,0
2016-07-06,21.131005386013552,21.627957827638433,20.984018568830894,21.62095832824707,3382000,0.0,0
2016-07-07,21.928932322714054,22.019923155953837,21.061014316737417,21.194002151489258,4288700,0.0,0
2016-07-08,21.571964752768235,22.138910894951504,21.55796575295677,22.11091423034668,5432700,0.0,0
2016-07-11,22.320892929629167,22.63586373678081,22.278897267014962,22.48887825012207,3876500,0.0,0
2016-07-12,23.125821659895006,23.3567985080468,22.866844138889366,23.230810165405273,5857900,0.0,0
2016-07-13,23.601775225078644,23.608773390230247,22.880841392793606,23.195812225341797,5376600,0.0,0
2016-07-14,23.601775647093614,23.636771813549988,23.27280580832372,23.42679214477539,4358000,0.0,0
2016-07-15,23.16781290037115,23.356795389097666,22.887840919693318,22.99983024597168,3762000,0.0,0
2016-07-18,22.9088397896726,23.11881945832415,22.698860121021056,23.090824127197266,2740900,0.0,0
2016-07-19,22.1039159907277,22.222904825873258,21.72595231939474,21.830942153930664,5094100,0.0,0
2016-07-20,21.50897296990214,21.739951152290576,21.326989957259997,21.557968139648438,3396900,0.0,0
2016-07-21,22.103915698942888,22.341893366092563,21.96392836473079,22.09691619873047,3137600,0.0,0
2016-07-22,21.956933038489748,21.998928710176003,21.697956837218108,21.942934036254883,1827900,0.0,0
2016-07-25,21.96392932554027,21.970928826058884,21.550969475087832,21.746950149536133,1990500,0.0,0
2016-07-26,22.208903988755033,22.698858289431392,22.152909325965,22.670860290527344,3950700,0.0,0
2016-07-27,22.817847844866456,23.07682535311369,22.607868174153968,22.971834182739258,4082700,0.0,0
2016-07-28,22.824847717928595,22.999831214484274,22.6078672209865,22.98583221435547,4868600,0.0,0
2016-07-29,22.782851678087106,23.090824353832705,22.656863341652336,22.971834182739258,3311400,0.0,0
2016-08-01,23.265806221842453,23.265806221842453,22.803849910742652,22.873842239379883,4135800,0.0,0
2016-08-02,23.02083042581815,23.048828428564306,22.64986623455933,22.950838088989258,3317700,0.0,0
2016-08-03,22.642861199697165,23.12581731237557,22.48887755322284,23.111818313598633,3624800,0.0,0
2016-08-04,22.45388327326078,22.76185326205781,22.236902779086098,22.71985626220703,5481100,0.0,0
2016-08-05,22.782850981181326,22.964835314925434,22.64286364830962,22.91584014892578,3283900,0.0,0
2016-08-08,23.20281286791524,23.461787696955557,23.13281786679875,23.28680419921875,3637800,0.0,0
2016-08-09,23.020827307582344,23.28680295757068,22.950834980234113,23.00682830810547,2544300,0.0,0
2016-08-10,23.29069230860004,23.319078933349356,22.751359973850697,22.758455276489258,3264100,0.45,0
2016-08-11,22.907480185400694,23.09199053264647,22.730067847639916,23.03521728515625,3975500,0.0,0
2016-08-12,22.439109911615468,22.52426706374614,21.98493347057392,22.055898666381836,4426400,0.0,0
2016-08-15,22.22621763907699,22.53846373507203,22.219120983082927,22.517173767089844,2898200,0.0,0
2016-08-16,22.98553962554015,23.18424055662717,22.822320616847644,22.992637634277344,3964300,0.0,0
2016-08-17,22.737163502462167,22.992637675516352,22.453302708602592,22.864900588989258,2840800,0.0,0
2016-08-18,23.27649616605151,23.27649616605151,22.971346754843108,23.15585708618164,2486000,0.0,0
2016-08-19,22.73006671193283,22.86490181443635,22.538462425421717,22.751358032226562,2820900,0.0,0
2016-08-22,22.24040694133458,22.488784442151736,22.15524843830783,22.4320125579834,3619000,0.0,0
2016-08-23,22.829416934940614,23.11327774092963,22.779741699957125,22.80103302001953,3531100,0.0,0
2016-08-24,22.687487083470007,22.737163670246016,22.33266244207577,22.353952407836914,2755900,0.0,0
2016-08-25,22.396528565351893,22.630712749221175,22.346853337493023,22.581037521362305,2664700,0.0,0
2016-08-26,22.971346986370495,23.29778772039104,22.16944387630556,22.382339477539062,6799500,0.0,0
2016-08-29,22.28298964056574,22.545560499412915,22.176542507240733,22.488788604736328,2873600,0.0,0
2016-08-30,22.13396228861858,22.190734179098946,21.630110576250242,21.715269088745117,3397900,0.0,0
2016-08-31,21.424309504382858,21.580431839483225,21.31786239619859,21.41011619567871,3806100,0.0,0
2016-09-01,21.743652412070247,21.87138949261115,21.488179604536956,21.84300422668457,2429600,0.0,0
2016-09-02,22.27588812145508,22.304274739370616,21.786231144348044,22.091379165649414,5074800,0.0,0
2016-09-06,22.19073184922363,22.41781938730247,22.027512850423033,22.410722732543945,2574000,0.0,0
2016-09-07,22.098481173608935,22.240411590473173,21.821718349627318,22.027517318725586,3176400,0.0,0
2016-09-08,22.424919662954633,22.58813868810979,22.22621735827746,22.332664489746094,2807300,0.0,0
2016-09-09,22.254602220744403,22.297180799252594,21.793329098302657,21.814619064331055,2759100,0.0,0
2016-09-12,21.332058382542627,22.148154837573635,21.28238314623924,22.084287643432617,4519000,0.0,0
2016-09-13,21.566241872344634,21.637207073312606,21.019812938053118,21.14754867553711,4193900,0.0,0
2016-09-14,21.388828239649243,21.608820484561303,21.218512579863113,21.516565322875977,4111600,0.0,0
2016-09-15,21.28238238064856,21.71526888751788,21.225610490694276,21.63720703125,4211100,0.0,0
2016-09-16,21.28947868844072,21.452697700200435,21.140452987324963,21.21851348876953,3812200,0.0,0
2016-09-19,21.963647197025992,22.034611046838446,21.786234865397507,21.85719871520996,3292600,0.0,0
2016-09-20,21.928164116949898,21.99912932095303,21.779138406737133,21.935260772705078,2157200,0.0,0
2016-09-21,22.183640340759375,22.779744589729923,22.183640340759375,22.737167358398438,3383700,0.0,0
2016-09-22,23.461006291553158,23.524874835364265,23.05650641644855,23.077795028686523,4703600,0.0,0
2016-09-23,23.00682636490529,23.24810720748485,22.942960534051842,22.999731063842773,3075200,0.0,0
2016-09-26,22.999733295114027,23.084890451610235,22.81522567152271,22.829416275024414,2134300,0.0,0
2016-09-27,22.502979852731205,22.935866381940112,22.432016001787648,22.871997833251953,2094900,0.0,0
2016-09-28,23.35455894993139,23.964857796621054,23.184241922467898,23.94356918334961,7921100,0.0,0
2016-09-29,23.92937542459541,24.369357235592783,23.766156409339885,23.91518211364746,5105900,0.0,0
2016-09-30,23.97905046747731,24.03582100371755,23.624225817909778,23.702287673950195,3756800,0.0,0
2016-10-03,23.70938175846929,23.858407453932646,23.56745136451019,23.81583023071289,2107700,0.0,0
2016-10-04,24.241620578025124,24.241620578025124,23.375847544385806,23.489391326904297,3784500,0.0,0
2016-10-05,23.82292811837348,24.09969092773498,23.652613792811355,23.92937660217285,2184100,0.0,0
2016-10-06,23.631322629658538,23.78034834229529,23.489392219343692,23.546165466308594,1929100,0.0,0
2016-10-07,23.900987006050197,23.92937362581226,23.39003867872132,23.53196907043457,6391300,0.0,0
2016-10-10,23.716476611221086,24.08549454569351,23.702286008481078,23.92227554321289,3039800,0.0,0
2016-10-11,23.943569705564133,23.964858319299886,22.978446178781837,23.120376586914062,3884900,0.0,0
2016-10-12,23.397137909351834,23.702287319990727,23.219725587217464,23.283594131469727,5021200,0.0,0
2016-10-13,22.190734169605484,22.722971150211986,22.169444203103716,22.573944091796875,4797200,0.0,0
2016-10-14,22.77264841889655,22.971349376463664,22.53846418065763,22.545560836791992,2556400,0.0,0
2016-10-17,22.47459362188589,22.68748787270904,22.47459362188589,22.573944091796875,2891600,0.0,0
2016-10-18,23.212628637187315,23.21972664637089,22.900383910542963,23.099084854125977,2744500,0.0,0
2016-10-19,22.886190353984507,23.19843507728229,22.77974187415031,23.148759841918945,4149600,0.0,0
2016-10-20,22.879095825271946,23.12747201048362,22.630716932962887,23.0068302154541,3467600,0.0,0
2016-10-21,23.12746904496049,23.531968898779517,23.042311893392544,23.326169967651367,3523900,0.0,0
2016-10-24,23.61712768707286,23.666802921188197,23.304882971619705,23.503583908081055,2908900,0.0,0
2016-10-25,24.13517208971706,24.44741952186444,24.11388347646967,24.213233947753906,4359300,0.0,0
2016-10-26,24.184850958403366,24.461613769604888,24.078402473896283,24.277103424072266,2911900,0.0,0
2016-10-27,24.447417033923536,24.539672193769213,24.199038173892415,24.298391342163086,2672200,0.0,0
2016-10-28,24.482899925672506,24.70998747653126,24.41193608119057,24.504188537597656,3112700,0.0,0
2016-10-31,24.653214512724716,24.83772211445231,24.582247968139583,24.731273651123047,2089800,0.0,0
2016-11-01,25.064814721117784,25.100296647050627,24.489997775454974,24.610639572143555,4180600,0.0,0
2016-11-02,24.788049542097202,24.92997993937423,24.426126893685915,24.447418212890625,4922400,0.0,0
2016-11-03,24.59644602893239,24.802244987343002,24.447420317158116,24.525482177734375,2420200,0.0,0
2016-11-04,24.16355681159219,24.36226044562947,24.0642063481221,24.078399658203125,3161200,0.0,0
2016-11-07,24.91578556392515,25.043522645304712,24.759661862884126,25.03642463684082,2985100,0.0,0
2016-11-08,24.993848230755358,25.476409952372798,24.89449776579244,25.34867286682129,3861200,0.0,0
2016-11-09,26.50540318776626,27.300212440305614,26.462825957624982,27.136993408203125,8236500,0.0,0
2016-11-10,28.201464770716573,28.520804794540943,27.718903023345476,27.882122039794922,10019700,0.0,0
2016-11-11,27.647937207826875,27.782772312877672,27.179568758976018,27.733097076416016,4362300,0.0,0
2016-11-14,27.605359149648542,28.137596130371094,27.576972527639995,28.137596130371094,5194700,0.0,0
2016-11-15,26.60475430978532,27.07312275467073,26.413148667728017,27.058929443359375,4841800,0.0,0
2016-11-16,26.583464616743395,26.697008407088205,26.28541318224983,26.512500762939453,3938600,0.0,0
2016-11-17,26.66862370116485,26.952481815083708,26.484113355375047,26.654430389404297,2997400,0.0,0
2016-11-18,25.966069729067495,26.15057736826449,25.72478884267301,25.93768310546875,3356700,0.0,0
2016-11-21,26.413151712791354,26.654432618706018,26.33508984512813,26.618947982788086,3166100,0.0,0
2016-11-22,27.179569754452345,27.733098092165818,27.002157415706446,27.67632484436035,4598100,0.0,0
2016-11-23,26.945384258847326,27.967278256252037,26.931190948274,27.95308494567871,6764300,0.0,0
2016-11-25,27.7543816703112,27.974371197895056,27.541487443866806,27.92469596862793,2818100,0.0,0
2016-11-28,27.676321879604288,28.13759499376989,27.61954863788051,27.995664596557617,5484100,0.0,0
2016-11-29,27.293113478496508,27.56278099074058,27.12279914967732,27.207956314086914,4229600,0.0,0
2016-11-30,26.938292982167056,27.122803358634126,26.725398684557092,26.90281105041504,3387400,0.0,0
2016-12-01,26.931191646122006,27.40665538071139,26.87441840235758,27.215049743652344,2885100,0.0,0
2016-12-02,26.966672920215245,27.704708828787624,26.92409298841781,27.690515518188477,2444100,0.0,0
2016-12-05,27.903411778350712,28.144692661768694,27.74728805758102,28.0240535736084,2676700,0.0,0
2016-12-06,27.40665515398686,27.853734970092773,27.335691306965646,27.853734970092773,2634500,0.0,0
2016-12-07,28.833048513350498,29.50721581252512,28.79046858567422,29.471731185913086,5568600,0.0,0
2016-12-08,30.223964589122332,30.238157900346792,29.599472430732693,29.89042854309082,9437100,0.0,0
2016-12-09,29.521412188747238,29.542703510298217,29.003368482631195,29.202072143554688,3853500,0.0,0
2016-12-12,29.50011849773035,29.776881266388823,29.393670029586172,29.450443267822266,3032400,0.0,0
2016-12-13,29.336901248488722,29.500120257508545,28.676927203657993,28.9749813079834,3303800,0.0,0
2016-12-14,28.868535188023298,29.180779921124103,28.371780111696772,28.41436004638672,2975800,0.0,0
2016-12-15,27.49891032079223,27.91760351525076,27.342786608828874,27.853734970092773,4518300,0.0,0
2016-12-16,27.605355590367335,27.86082703421338,27.48471381593452,27.50600242614746,3672800,0.0,0
2016-12-19,27.066021416147372,27.328590875366157,26.98795956708576,27.09440803527832,2808100,0.0,0
2016-12-20,27.385367714087078,27.747287680750187,27.328594468360983,27.733097076416016,2468000,0.0,0
2016-12-21,27.640840777035866,27.697611313346567,27.527296997317226,27.59116554260254,1943900,0.0,0
2016-12-22,27.278915645435493,27.427944042324476,27.04473280534766,27.09440803527832,1961800,0.0,0
2016-12-23,27.03764079373188,27.165377901055145,26.93829031183548,27.051834106445312,999800,0.0,0
2016-12-27,27.12989258510297,27.293111600279797,27.122797283181047,27.215049743652344,868100,0.0,0
2016-12-28,27.995662331547834,28.016950941923294,27.548582563984493,27.584064483642578,1923900,0.0,0
2016-12-29,27.69051719277549,27.704710504232978,27.498911548745454,27.60536003112793,1766800,0.0,0
2016-12-30,27.924699253640007,28.03824303490724,27.250534575108052,27.29311180114746,2868600,0.0,0
2017-01-03,27.562778709946652,27.74019103359278,27.498910165150154,27.64793586730957,2426000,0.0,0
2017-01-04,27.356983229626262,27.83954502762886,27.32859660454433,27.82535171508789,3119700,0.0,0
2017-01-05,27.3498843761387,27.953085191781135,27.3498843761387,27.903409957885742,3898100,0.0,0
2017-01-06,27.54858430714854,27.6834166932197,27.22924159582514,27.24343490600586,3582600,0.0,0
2017-01-09,27.222150802612305,27.477625013980752,27.151184239955757,27.222150802612305,4089800,0.0,0
2017-01-10,28.762086959410933,29.102718318653185,28.627254559012147,29.095623016357422,5717800,0.0,0
2017-01-11,29.315613911775806,29.64205194401682,29.124008273608965,29.592376708984375,4782600,0.0,0
2017-01-12,30.42266669458729,30.42266669458729,29.76269258646609,29.89752769470215,5007800,0.0,0
2017-01-13,29.620765856428598,29.98268584353535,29.40077357745939,29.833660125732422,3089700,0.0,0
2017-01-17,30.309124304454638,30.51492327391234,30.1175186474179,30.131711959838867,3514200,0.0,0
2017-01-18,30.472339952663777,30.905226458589354,30.394280803663325,30.74910545349121,4121200,0.0,0
2017-01-19,30.600076472561973,30.685236336042685,30.30202507167107,30.522014617919922,1832700,0.0,0
2017-01-20,30.067839715515074,30.571692769750744,30.06074441372458,30.46524429321289,2422700,0.0,0
2017-01-23,30.919421811536274,31.132316074074357,30.834264647940525,31.089738845825195,2830700,0.0,0
2017-01-24,32.232269411206325,32.58709405575292,32.15421026336772,32.430973052978516,5937300,0.0,0
2017-01-25,31.98389486414925,32.672255575734255,31.891639693903436,32.615482330322266,5233300,0.0,0
2017-01-26,31.969699867516784,32.14711218943097,31.65745515550281,31.834867477416992,3439900,0.0,0
2017-01-27,31.941313431827822,32.21098092069088,31.834867662319375,32.182594299316406,2939000,0.0,0
2017-01-30,31.64326172777114,31.8135787473011,31.323919008088208,31.501331329345703,2872600,0.0,0
2017-01-31,31.998088656271662,32.01937727007235,31.472946956709894,31.785194396972656,2654900,0.0,0
2017-02-01,32.012284697265464,32.33872276982982,31.813583732591095,32.24646759033203,3194100,0.0,0
2017-02-02,31.71422980171396,31.83487160394408,31.487142216795835,31.657459259033203,3291200,0.0,0
2017-02-03,30.69942628689291,30.763294829597076,30.266542505339256,30.280733108520508,5409600,0.0,0
2017-02-06,30.131711400388802,30.387185605027774,30.053649537071617,30.35879898071289,7227500,0.0,0
2017-02-07,30.607173714869678,30.827163255609072,30.47233862128398,30.529111862182617,5102700,0.0,0
2017-02-08,30.323315826500654,30.60717664396495,30.117516869193906,30.472341537475586,3627700,0.0,0
2017-02-09,30.266540742515442,30.649749269323976,30.096223736191778,30.614267349243164,4377800,0.0,0
2017-02-10,31.28844081359883,32.22517776489258,31.26715219878227,32.22517776489258,5837100,0.0,0
2017-02-13,32.70064457264429,33.43158256426012,32.6864512602608,33.10514450073242,10257300,0.0,0
2017-02-14,32.714836753349175,32.88515380305534,32.43097861330245,32.821285247802734,3547900,0.0,0
2017-02-15,32.72902489707677,32.89224391092121,32.53032395971783,32.59419250488281,2168600,0.0,0
2017-02-16,32.771604054022475,32.85676120986148,32.57999842306183,32.736122131347656,2409500,0.0,0
2017-02-17,32.1400177219408,32.28904342651367,32.01937593221709,32.28904342651367,2245600,0.0,0
2017-02-21,32.63677283897112,32.81418516582396,32.55871098202031,32.75031661987305,3233300,0.0,0
2017-02-22,32.07038615047867,32.5008122905242,32.04850097176779,32.34761047363281,2902800,1.258,0
2017-02-23,32.45704096008024,32.51540236254552,30.961490712632244,31.012557983398438,10057400,0.0,0
2017-02-24,30.28302243101458,30.79369792277499,30.093344393881733,30.414339065551758,6574600,0.0,0
2017-02-27,30.42163146681846,30.932306882814178,30.38515524773815,30.51647186279297,4609200,0.0,0
2017-02-28,30.195479032399927,30.414339163010684,30.16629693952981,30.290319442749023,2896500,0.0,0
2017-03-01,30.8374723231333,31.38462406176315,30.73533777719562,31.30437469482422,4902400,0.0,0
2017-03-02,30.997970899739517,31.1073995771357,30.020393020362395,30.078754425048828,4255700,0.0,0
2017-03-03,30.195476002554575,30.501882381030544,30.093341470715007,30.48729133605957,2590300,0.0,0
2017-03-06,29.78694459304235,29.852600135783124,29.568081652074834,29.677513122558594,3035200,0.0,0
2017-03-07,29.910959967371284,29.954733105773595,29.61185047901587,29.63373565673828,3483500,0.0,0
2017-03-08,29.932846084360516,29.962028177544436,28.984450319543818,29.10847282409668,8132500,0.0,0
2017-03-09,28.772886538129743,29.04281674646884,28.546732255901276,28.751001358032227,5291700,0.0,0
2017-03-10,29.03551966004529,29.152245258140596,28.495664812463673,28.73641014099121,4955000,0.0,0
2017-03-13,29.757764288247344,29.932851312013945,29.655629727223815,29.80153465270996,3743300,0.0,0
2017-03-14,29.40028250712132,29.838005512831874,29.13035512918873,29.582666397094727,3521100,0.0,0
2017-03-15,30.304910524206644,31.442984317880857,30.049571385734378,31.41380500793457,7646500,0.0,0
2017-03-16,31.661848560481513,31.72020996578094,31.26789863861911,31.318965911865234,6785500,0.0,0
2017-03-17,31.603486109346125,31.70562066145232,31.355443861534873,31.39192008972168,3210900,0.0,0
2017-03-20,31.421098783663822,31.61807373409658,31.27519110375539,31.559709548950195,2175700,0.0,0
2017-03-21,31.318966700552814,31.413807117380074,29.896371579974854,29.918256759643555,6132400,0.0,0
2017-03-22,30.05687427643993,30.49459462519623,29.90367243267104,30.319507598876953,3774000,0.0,0
2017-03-23,30.217364137267428,30.407044957505466,29.95473365094618,30.151708602905273,2742400,0.0,0
2017-03-24,30.144413927573716,30.20277811750807,29.604559085469656,29.79423713684082,6281500,0.0,0
2017-03-27,29.123057533693128,29.414872864005407,28.780177720977022,29.349214553833008,5055900,0.0,0
2017-03-28,29.407586167827528,29.983917277317087,29.37840407082711,29.80883026123047,3192800,0.0,0
2017-03-29,29.58996648202808,29.962028432942986,29.55348747375844,29.82341766357422,3056500,0.0,0
2017-03-30,30.027687424502517,30.275729658322742,29.932847010200106,29.96932601928711,2920500,0.0,0
2017-03-31,29.436765000677486,29.852600135783124,29.28356316836655,29.677513122558594,2423600,0.0,0
2017-04-03,29.76505447986441,29.925553216195688,29.254378959412108,29.524309158325195,2671400,0.0,0
2017-04-04,29.947435207642187,30.042275612920207,29.713984043078906,29.932844161987305,2565500,0.0,0
2017-04-05,30.480003328555394,30.625911037943094,29.70669719982932,29.72858238220215,3463100,0.0,0
2017-04-06,29.991210345688017,30.21736461103468,29.765053297383766,29.89636993408203,5023200,0.0,0
2017-04-07,29.23978896774652,30.00580081169202,29.18142478236218,29.626441955566406,3305600,0.0,0
2017-04-10,29.83071119412729,29.954733697237288,29.692100427552628,29.816120147705078,2822900,0.0,0
2017-04-11,30.538364830249495,30.56754692614311,29.71398871048085,30.231958389282227,4012600,0.0,0
2017-04-12,29.174134739492622,29.247087198489975,28.50296042829369,28.65616226196289,5776600,0.0,0
2017-04-13,28.56132381395363,28.743707739245906,28.335166744726383,28.408119201660156,2975000,0.0,0
2017-04-17,28.597803951916827,28.612395001889837,28.181968768039827,28.459190368652344,2345600,0.0,0
2017-04-18,28.181964273700377,28.408118554820348,27.8901488866941,28.174667358398438,4297400,0.0,0
2017-04-19,28.678048950390558,28.721819310658837,28.05064781227243,28.101715087890625,3513800,0.0,0
2017-04-20,28.641566427135587,29.006334227080018,28.546728802879404,28.86772346496582,3470300,0.0,0
2017-04-21,29.064699988337015,29.0719941202305,28.685341121850733,28.838542938232422,2973600,0.0,0
2017-04-24,29.239791608313325,29.38569651903539,29.064701819305952,29.261676788330078,3008300,0.0,0
2017-04-25,29.28356046869949,29.487829559615736,29.093882424699785,29.429468154907227,2695600,0.0,0
2017-04-26,28.823955845594117,29.495130173129336,28.81666171270001,29.23979377746582,2249400,0.0,0
2017-04-27,29.08658516697508,29.08658516697508,28.488366165235302,28.838542938232422,2789300,0.0,0
2017-04-28,29.26167203087481,29.298148252624905,29.01362982683389,29.050106048583984,1575000,0.0,0
2017-05-01,29.152243082393635,29.290856633070003,28.977156089797,29.232492446899414,1775000,0.0,0
2017-05-02,28.88231526821927,29.101175397332998,28.867724221884014,29.064699172973633,3097500,0.0,0
2017-05-03,28.284096321265096,28.386230862791567,27.912031596610056,27.992280960083008,3225300,0.0,0
2017-05-04,27.678583727401882,27.860967654189356,27.48160875251647,27.77342414855957,3830600,0.0,0
2017-05-05,28.152783507520603,28.52484549970902,28.01417272277549,28.37894058227539,3220600,0.0,0
2017-05-08,27.97768886309788,28.09441444659588,27.846372233792955,28.065235137939453,2181300,0.0,0
2017-05-09,28.393525422229914,28.510253794827253,27.992281381778078,28.07253074645996,4299300,0.0,0
2017-05-10,28.46648384470299,28.5175511219575,28.247623687475386,28.313282012939453,2094200,0.0,0
2017-05-11,28.408119312721254,28.42271036075662,28.189259158106463,28.284099578857422,2243100,0.0,0
2017-05-12,28.087123932113965,28.22573471069336,28.0360566566922,28.22573471069336,1582400,0.0,0
2017-05-15,28.678048069039953,28.80936471172469,28.532140379061612,28.59050178527832,2532300,0.0,0
2017-05-16,29.1376494304127,29.582666569819303,29.11576425403445,29.509714126586914,4109100,0.0,0
2017-05-17,29.34922351591376,29.6483330684892,29.247088954003818,29.254383087158203,4817000,0.0,0
2017-05-18,29.08658747012595,29.64103615849227,28.911500461242355,29.48053741455078,3995800,0.0,0
2017-05-19,29.99121168168591,30.436228883325278,29.940144407690347,30.188186645507812,4370500,0.0,0
2017-05-22,30.793699616865947,30.866654852821032,30.516478069109706,30.73533821105957,3363500,0.0,0
2017-05-23,30.538364410400387,30.684272104904643,30.436229859134748,30.53836441040039,2934700,0.0,0
2017-05-24,30.071461037163207,30.414340907704656,30.00580271591779,30.27573013305664,2867600,0.0,0
2017-05-25,30.312209769726767,30.61131931505804,29.925556713872645,30.195484161376953,3156900,0.0,0
2017-05-26,30.210070479199256,30.25384361908454,29.87448475561818,29.89636993408203,2046900,0.0,0
2017-05-30,30.11523073039419,30.24654736998258,29.962028911860287,30.12982177734375,1237500,0.0,0
2017-05-31,29.589967150331333,29.75776001692245,29.35651596351259,29.407583236694336,2881800,0.0,0
2017-06-01,29.553488964829565,29.80882812081171,29.502421690224686,29.65562629699707,1873800,0.0,0
2017-06-02,29.72128624830827,29.932849490572593,29.414879800924734,29.765056610107422,2329500,0.0,0
2017-06-05,29.633739243063385,29.728579662934067,29.43676427085097,29.48053741455078,1587500,0.0,0
2017-06-06,29.444062211332856,29.94744085809489,29.41488011451705,29.88178253173828,2052800,0.0,0
2017-06-07,30.144409524673026,30.27572614988744,29.816117961636994,30.086048126220703,3218800,0.0,0
2017-06-08,30.07146257091203,30.7572251299289,30.064165655424976,30.720748901367188,2591300,0.0,0
2017-06-09,30.363272135077217,30.786404136209132,30.239252413822562,30.44352149963379,2837900,0.0,0
2017-06-12,30.34867983257191,30.516475469495713,29.84530127067287,29.940141677856445,5171800,0.0,0
2017-06-13,29.97662360838922,30.12253131269107,29.889080098991307,30.027690887451172,2172800,0.0,0
2017-06-14,30.093348137081232,30.107939185284458,28.889613098414827,29.101179122924805,3817300,0.0,0
2017-06-15,28.780181032010418,28.977155985188723,28.42270735039996,28.707225799560547,3258600,0.0,0
2017-06-16,28.765595816282662,28.823957231114807,28.37164583007272,28.67075538635254,3250400,0.0,0
2017-06-19,28.845839530043452,29.006335476521258,28.619682482471557,28.634273529052734,2430800,0.0,0
2017-06-20,28.211144382905335,28.218441298413385,27.474314545190282,27.72235679626465,4195300,0.0,0
2017-06-21,28.14548756537967,28.291392473433184,27.79530799376959,27.955806732177734,3200700,0.0,0
2017-06-22,27.780718569875336,28.4445958924591,27.780718569875336,28.240324020385742,5617400,0.0,0
2017-06-23,28.524843294491895,28.72181825734892,28.349756293924113,28.575910568237305,2726200,0.0,0
2017-06-26,28.816661011306575,28.896910385978416,28.415416920905283,28.65616226196289,1794900,0.0,0
2017-06-27,28.656160487384106,29.852598551780066,28.656160487384106,29.320037841796875,5701900,0.0,0
2017-06-28,29.98391350208383,30.107936007241133,29.772350282863297,30.03498077392578,3386500,0.0,0
2017-06-29,30.764518522442014,30.939608311467577,30.283025081318954,30.523773193359375,3158200,0.0,0
2017-06-30,31.041740434759106,31.041740434759106,30.69886058178988,30.866653442382812,2719800,0.0,0
2017-07-03,31.537832767871706,31.98285005774633,31.46488029997283,31.80776023864746,3051000,0.0,0
2017-07-05,31.997433370841943,32.06309168925786,31.472166823514634,31.58159828186035,4896300,0.0,0
2017-07-06,31.552415424517275,31.85152491606723,31.428395705489073,31.472166061401367,3800500,0.0,0
2017-07-07,31.763982432253787,31.829640751169496,31.479463977938256,31.734800338745117,3721300,0.0,0
2017-07-10,31.14387556119491,32.38408670942854,31.114696250557007,32.260066986083984,4726100,0.0,0
2017-07-11,32.39867890904153,32.73426464845808,32.2454770866502,32.62483596801758,4563500,0.0,0
2017-07-12,32.6321331471634,32.778040850998984,32.45704612892708,32.60295104980469,2660300,0.0,0
2017-07-13,32.52999522566377,32.72697018803029,32.30383816895605,32.50811004638672,2438300,0.0,0
2017-07-14,33.04796924235517,33.25224114676897,32.887473268193396,32.953128814697266,3529400,0.0,0
2017-07-17,33.15010130839805,33.34707628196063,33.113625079877096,33.15739822387695,2513400,0.0,0
2017-07-18,32.559175169859984,33.19387037359961,32.508107899614124,33.17927932739258,3872400,0.0,0
2017-07-19,33.040668569587496,33.24493765061251,32.98230438474748,33.09173583984375,2167700,0.0,0
2017-07-20,32.61753855521089,32.71237896984512,32.17252135918607,32.4935188293457,2950300,0.0,0
2017-07-21,32.354907764466176,32.398680909119264,31.99013990789741,32.20170593261719,3276100,0.0,0
2017-07-24,32.121456596609065,32.230888066891325,31.457579208192847,32.02661895751953,4568100,0.0,0
2017-07-25,32.996896669385706,33.68995608410621,32.887467993139914,33.507572174072266,6872400,0.0,0
2017-07-26,33.60970696909553,33.71913842911513,33.237645014352616,33.5732307434082,4256700,0.0,0
2017-07-27,33.57323763482583,33.96718763221146,33.30331016978376,33.46380615234375,3077400,0.0,0
2017-07-28,33.52216485996286,34.17145116615861,33.492982765020685,34.003658294677734,3720300,0.0,0
2017-07-31,34.434082532968574,34.66023679875446,34.28088071750892,34.565399169921875,4547400,0.0,0
2017-08-01,34.288174268770796,34.45596712804604,34.12038140949554,34.38301467895508,3056400,0.0,0
2017-08-02,33.25223546587835,33.5951153207495,33.077145689573285,33.56593322753906,3787300,0.0,0
2017-08-03,33.68995666503906,33.90881680426218,33.514866883885965,33.68995666503906,1874200,0.0,0
2017-08-04,34.33924487544092,34.34654179083337,34.02554430455332,34.16415786743164,2267800,0.0,0
2017-08-07,34.66023718890342,35.03959605737676,34.61646683139802,34.90827941894531,2989800,0.0,0
2017-08-08,34.41219812629904,34.733195619991875,34.32465462027276,34.4997444152832,3563700,0.0,0
2017-08-09,34.41011111808342,34.6267154982385,34.21591595433833,34.477333068847656,3812900,1.1,0
2017-08-10,34.1337571437254,34.230856154959305,33.86486932752872,33.88727569580078,2259800,0.0,0
2017-08-11,33.11049594342501,33.424196532071676,33.04327398168168,33.31962966918945,5583500,0.0,0
2017-08-14,33.39431480256867,33.64826408373483,33.36443774614138,33.43165969848633,2486500,0.0,0
2017-08-15,32.83413902988407,33.11049758028733,32.774387754954624,33.02086639404297,3159400,0.0,0
2017-08-16,33.54369496659762,33.887272544573364,33.44659596439309,33.79017639160156,2830200,0.0,0
2017-08-17,33.536232337547816,33.61838997607979,33.058207940480884,33.103023529052734,1994900,0.0,0
2017-08-18,33.29722064812391,33.49141582812954,33.207589473444614,33.34203338623047,1906600,0.0,0
2017-08-21,33.72295859932095,33.857402511484025,33.581043998019325,33.76030349731445,2226000,0.0,0
2017-08-22,34.342887834316365,34.58189857237148,34.27566588616132,34.46986389160156,4196700,0.0,0
2017-08-23,34.55949071820348,35.41096679202103,34.49973661164587,35.33627700805664,7937300,0.0,0
2017-08-24,35.28399685365487,35.72467345797126,35.082330999215216,35.545413970947266,3737800,0.0,0
2017-08-25,35.97862188816796,36.03090816376806,35.59023153493634,35.6201057434082,3351000,0.0,0
2017-08-28,35.724674369518276,36.00849786146835,35.59769830271286,35.874053955078125,1703900,0.0,0
2017-08-29,35.54541418979766,36.0682512768344,35.4781922379039,35.933807373046875,2793200,0.0,0
2017-08-30,35.971151149885046,36.09812721028293,35.76948530047626,35.784423828125,3006800,0.0,0
2017-08-31,36.4790466542069,36.800217848818356,36.40435687141787,36.65830612182617,4176100,0.0,0
2017-09-01,37.02429233786087,37.18861328924569,36.80768796544138,36.994415283203125,2535400,0.0,0
2017-09-05,36.83009795918054,36.91225558737599,36.038373089419736,36.47904968261719,4863000,0.0,0
2017-09-06,36.47905126257734,36.815161026053616,36.434235677702866,36.710594177246094,2098200,0.0,0
2017-09-07,36.94213186216846,37.03176302614168,36.77034307173558,36.994415283203125,1986500,0.0,0
2017-09-08,36.807691389250735,36.85250697540604,35.85911618487774,36.053314208984375,3285200,0.0,0
2017-09-11,36.29978864136547,36.92719252932838,36.2773822754773,36.77781295776367,2116600,0.0,0
2017-09-12,37.02429644627676,37.2633072115951,36.957074490453905,37.09151840209961,2701900,0.0,0
2017-09-13,36.352073622255475,36.516394577111996,36.247506777976895,36.47904968261719,2265700,0.0,0
2017-09-14,35.63504618223837,35.84418274814904,35.46325736507713,35.821773529052734,2715800,0.0,0
2017-09-15,35.62757028257651,35.79935906087673,35.55287765120735,35.575286865234375,3392000,0.0,0
2017-09-18,35.724673971487604,36.05331304498383,35.70973544325147,36.030906677246094,2019700,0.0,0
2017-09-19,35.84418177442504,36.24004282716313,35.67986080193763,36.18775939941406,2079600,0.0,0
2017-09-20,36.02343392109367,36.1504099791971,35.418436383799666,35.717201232910156,3282200,0.0,0
2017-09-21,35.478191650077854,35.918868249806025,35.31387069278613,35.73960876464844,3621400,0.0,0
2017-09-22,35.62757291787012,35.98608902726305,35.5902280240395,35.717201232910156,2006700,0.0,0
2017-09-25,35.478194120115965,35.56782244431837,34.970295534247235,35.164493560791016,2300000,0.0,0
2017-09-26,35.16449435909765,35.22424562684471,34.73875339869665,34.813446044921875,2929800,0.0,0
2017-09-27,35.28399865008091,35.313872858411834,34.77610006842583,35.0673942565918,1970100,0.0,0
2017-09-28,34.641656158621075,35.14955474027615,34.53708930638027,35.0673942565918,2406400,0.0,0
2017-09-29,35.29146628188261,35.440848719589034,35.142083844176184,35.24665069580078,1546300,0.0,0
2017-10-02,35.433379155773856,35.87405579392285,35.410972786637956,35.79936599731445,1803900,0.0,0
2017-10-03,36.08318925892379,36.180285416342116,35.96368388505804,36.142940521240234,2229700,0.0,0
2017-10-04,36.42677098606741,36.49399294457179,36.15041531187528,36.24004364013672,1373900,0.0,0
2017-10-05,36.41183107662375,36.7255316382674,36.36701548957476,36.39689254760742,1864500,0.0,0
2017-10-06,36.464108127802575,36.74046374320107,36.329664239396266,36.65830612182617,2709100,0.0,0
2017-10-09,36.710594094589275,36.78528388664564,35.821770183260746,35.9039306640625,3612100,0.0,0
2017-10-10,35.99355779448339,36.1504109113891,35.8367075268105,36.045841217041016,2010600,0.0,0
2017-10-11,35.941276463519365,35.956214992152724,35.515538369784196,35.664920806884766,1808100,0.0,0
2017-10-12,35.747082683863525,36.03090904050034,35.62010661014451,35.91140365600586,2230400,0.0,0
2017-10-13,36.912255385530635,37.44256314169514,36.77781433593106,37.35293197631836,3803100,0.0,0
2017-10-16,37.845894322439044,37.92058696485838,37.21849322151443,37.36040496826172,2595900,0.0,0
2017-10-17,37.27077436862475,37.360402684816954,37.00935440998435,37.18861389160156,1936300,0.0,0
2017-10-18,36.493992582602786,36.613497968843774,35.58276223174451,35.8665885925293,5009300,0.0,0
2017-10-19,35.74707607953424,36.157875584761086,35.694792661554416,35.9487419128418,2202000,0.0,0
2017-10-20,36.18775627858414,36.32220018098248,35.73214114814898,36.12800216674805,2163600,0.0,0
2017-10-23,35.821773529052734,35.99356234621397,35.77696078932654,35.821773529052734,1115100,0.0,0
2017-10-24,35.56782026349411,35.956213443534466,35.56035242411557,35.836708068847656,1712900,0.0,0
2017-10-25,35.537947084245005,35.537947084245005,34.92547881588,35.17942810058594,1941200,0.0,0
2017-10-26,35.762019786752276,35.78442615506599,35.2541212105994,35.26158905029297,2291800,0.0,0
2017-10-27,34.92548378729768,35.59770341580335,34.88067104488621,35.440853118896484,1788500,0.0,0
2017-10-30,35.62757098095046,35.732137817684446,35.276522729715545,35.35121536254883,1738100,0.0,0
2017-10-31,35.35122151919786,35.92633922139535,35.22424544588386,35.79936599731445,1845100,0.0,0
2017-11-01,36.94212759831777,36.949598285736315,36.57614369331685,36.62095642089844,2660900,0.0,0
2017-11-02,36.79274465226476,37.181137764596556,36.747931925339955,36.95706558227539,1899600,0.0,0
2017-11-03,37.091513477128785,37.091513477128785,36.598553482960256,36.77781295776367,1358400,0.0,0
2017-11-06,37.37534358566275,37.67410560835195,37.34546652862393,37.63676071166992,2318200,0.0,0
2017-11-07,37.62928863378665,37.659162838227715,36.98694622596498,37.263301849365234,2144200,0.0,0
2017-11-08,37.502313476219534,37.76373342826091,37.181142264635916,37.71891784667969,2300400,0.0,0
2017-11-09,36.561209621551775,36.695653519139164,36.27738329895254,36.68818283081055,3413100,0.0,0
2017-11-10,36.88985241900303,37.0989861256928,36.703125081106286,36.9794807434082,1695600,0.0,0
2017-11-13,36.41182651113763,36.9794762964181,36.41182651113763,36.7479362487793,1957500,0.0,0
2017-11-14,36.142940594652224,36.2101625456653,35.627574203040545,35.851646423339844,2870900,0.0,0
2017-11-15,35.20930684051705,35.66492200684833,34.89560627636096,35.52301025390625,3204300,0.0,0
2017-11-16,35.73960495578141,35.75454348205524,35.38855956066032,35.575286865234375,1895300,0.0,0
2017-11-17,35.51553691490445,35.75454766478118,35.43337643540316,35.545413970947266,1933100,0.0,0
2017-11-20,35.46325196593607,35.73213976028896,35.283995335855984,35.717201232910156,2454400,0.0,0
2017-11-21,35.81430251715232,36.1205352248388,35.75454840383157,35.88899230957031,2579500,0.0,0
2017-11-22,36.40436268024572,36.69565686852862,36.38195346244724,36.60602569580078,1934200,0.0,0
2017-11-24,36.80022195011886,37.08404828496761,36.80022195011886,36.91972732543945,1084700,0.0,0
2017-11-27,37.00935424139734,37.0616376630407,36.47158149746099,36.50892639160156,1317500,0.0,0
2017-11-28,36.09812690320475,36.40435959431686,36.00102789893034,36.38195037841797,2108700,0.0,0
2017-11-29,35.941270435557755,36.24003525965096,35.605160720761035,35.76948165893555,2171800,0.0,0
2017-11-30,35.94874727157955,36.04584343416862,35.694797982436945,35.77695846557617,1809400,0.0,0
2017-12-01,35.888990604618186,36.38942130759055,35.57529007228583,36.07571792602539,2624000,0.0,0
2017-12-04,36.217627339713424,36.41182247257155,36.05330640859565,36.06824493408203,1895500,0.0,0
2017-12-05,35.28400074708375,35.61263985211986,35.15702466950701,35.25412368774414,2886200,0.0,0
2017-12-06,35.10474330464365,35.582764885255074,35.082336933437915,35.440853118896484,3001300,0.0,0
2017-12-07,34.97029570777146,35.23918353094597,34.93295080993791,35.14955520629883,2682400,0.0,0
2017-12-08,35.351220571451044,35.51553868943086,35.13461617816739,35.231712341308594,2329100,0.0,0
2017-12-11,35.77695564296504,36.0309049120724,35.732140060452174,35.814300537109375,1932000,0.0,0
2017-12-12,35.664923635280076,35.874057354266355,35.37362942691113,35.62757873535156,3417400,0.0,0
2017-12-13,35.821767951177094,36.41182695904726,35.71720110912066,36.29978942871094,4166500,0.0,0
2017-12-14,36.426770269712094,36.47158585757808,35.88152677222501,35.89646530151367,3277200,0.0,0
2017-12-15,36.4491720904847,36.710592046563626,36.3595437751707,36.68818283081055,3388800,0.0,0
2017-12-18,37.016825740005835,37.4724380172659,37.00188721217607,37.255836486816406,2297200,0.0,0
2017-12-19,36.91225230749261,37.181140082735354,36.79274694618834,36.96453857421875,1740200,0.0,0
2017-12-20,37.57700692813243,37.875768930796355,37.36040255296894,37.771202087402344,2754700,0.0,0
2017-12-21,38.06997007659408,38.43595405863339,37.99527743284819,38.39860916137695,2560900,0.0,0
2017-12-22,38.30151105683005,38.39861007138435,38.04756176054172,38.15959930419922,1619400,0.0,0
2017-12-26,38.11478035518795,38.6301495914775,37.64422955148816,38.40607452392578,2299500,0.0,0
2017-12-27,38.846748709038366,38.966254074669756,38.54798671957623,38.65255355834961,1887700,0.0,0
2017-12-28,39.30984047999408,39.49656782030478,39.15298734871594,39.40693664550781,2387400,0.0,0
2017-12-29,40.101554779772705,40.101554779772705,39.28742362039474,39.533905029296875,2964200,0.0,0
2018-01-02,40.29576073763477,40.99038667374845,40.198661722577725,40.893287658691406,3907400,0.0,0
2018-01-03,40.89328495621568,41.080012284782875,40.6542742035883,41.042667388916016,2849200,0.0,0
2018-01-04,40.98291116702309,41.080010170666206,40.81112237549005,40.85593795776367,2377700,0.0,0
2018-01-05,40.81859541747951,40.826063257006,40.44514075803041,40.73643493652344,3631800,0.0,0
2018-01-08,41.080013769925706,41.587912349928885,41.035198183725534,41.56550598144531,2781600,0.0,0
2018-01-09,41.82691992222507,41.93148676615339,41.5356257572154,41.63272476196289,2735100,0.0,0
2018-01-10,41.76716475589863,41.946424233267166,41.602846654979594,41.88667297363281,2497600,0.0,0
2018-01-11,42.31988113991977,42.78296411159117,42.29000408388087,42.753089904785156,2578000,0.0,0
2018-01-12,42.977164547922484,43.156421195789335,42.89500406380307,43.07426071166992,2363800,0.0,0
2018-01-16,42.252656656106076,42.37216202386643,41.58043718168362,41.66259765625,3844900,0.0,0
2018-01-17,42.05846439761385,42.192908301754585,41.75969953302713,42.028587341308594,2347800,0.0,0
2018-01-18,42.02111548807611,42.148091549238075,41.71488279251622,42.00617980957031,2059100,0.0,0
2018-01-19,42.23772008963531,42.409508885688126,41.75969859640437,41.86426544189453,2510600,0.0,0
2018-01-22,42.07340420932109,42.17797106034664,41.79704570391585,42.16303253173828,2278000,0.0,0
2018-01-23,41.729821612498995,41.744760140342244,41.17711032846298,41.57297134399414,2684100,0.0,0
2018-01-24,42.17049726766118,42.26012843271448,41.80451331600831,41.93895721435547,2116900,0.0,0
2018-01-25,42.46926120159447,42.55888951547808,41.61031440840904,41.64765930175781,2522800,0.0,0
2018-01-26,41.79704408363018,42.14809236923567,41.6999479252893,42.05846405029297,1413900,0.0,0
2018-01-29,42.708273272446746,42.782963061477844,42.27506451821453,42.31241226196289,2507800,0.0,0
2018-01-30,42.38710434654105,42.394572186155465,41.88667646461899,41.953895568847656,1914400,0.0,0
2018-01-31,41.99124480490771,42.1331565564819,41.65513502567086,41.90908432006836,2124100,0.0,0
2018-02-01,41.98377005463514,42.3273476405166,41.90160957774331,42.21531295776367,2255700,0.0,0
2018-02-02,42.22278430654328,42.22278430654328,40.42273290138829,40.579586029052734,4950600,0.0,0
2018-02-05,41.06507104210774,41.52815398855847,39.3770573571038,39.80279541015625,3873600,0.0,0
2018-02-06,40.094092022731274,41.53562722019207,39.8998940063962,41.221923828125,6956300,0.0,0
2018-02-07,40.60945683225317,40.86340610190049,40.18371876979043,40.2584114074707,4165400,0.0,0
2018-02-08,40.333103566001164,40.42273188725149,38.936383925482275,39.040950775146484,4991900,0.0,0
2018-02-09,39.698231942506574,40.295758835355194,38.674964111193276,40.12397003173828,5096700,0.0,0
2018-02-12,40.48995304561237,41.4459989007013,40.44514031048343,41.221923828125,5615000,0.0,0
2018-02-13,41.356367949305486,41.81945377577931,41.18457914886504,41.61031723022461,3191000,0.0,0
2018-02-14,41.25179666638097,43.470118003893475,41.162168356054664,43.35061264038086,5440700,0.0,0
2018-02-15,44.09752873673621,44.254379016523146,43.477592608197774,43.99296188354492,3404600,0.0,0
2018-02-16,43.36555786794625,43.865985764597696,43.11907641492111,43.18629837036133,3362000,0.0,0
2018-02-20,42.23772103697955,42.48420247764853,41.79704442879224,42.028587341308594,3964300,0.0,0
2018-02-21,42.095810019541894,42.708275438200225,41.80451583862305,41.80451583862305,2268000,0.0,0
2018-02-22,41.946425801120014,42.58129756078276,41.84932679519804,42.282535552978516,2319200,0.0,0
2018-02-23,42.31988497721511,42.64105623567281,42.170502532708454,42.62611770629883,1287900,0.0,0
2018-02-26,43.029446901267825,43.4626528305038,42.72321419033504,43.328208923339844,2900100,0.0,0
2018-02-27,42.93234249138212,42.94728101799195,42.177965417598,42.23771667480469,4201900,0.0,0
2018-02-28,41.363841709218335,41.535630522413825,40.826066051052905,40.86341094970703,5776800,0.0,0
2018-03-01,41.00627166526208,41.122109772553024,40.14908086567376,40.651039123535156,4861600,1.795,0
2018-03-02,39.69345560090956,40.01007642302059,39.206939673217086,39.75523376464844,5408000,0.0,0
2018-03-05,39.469501009560744,40.403918139590836,39.42316518026308,40.34986114501953,2914800,0.0,0
2018-03-06,40.75915538850973,41.36923062188913,40.75915538850973,41.09894561767578,4165200,0.0,0
2018-03-07,40.488867917376155,40.89815745478635,40.295806370162225,40.627872467041016,3759500,0.0,0
2018-03-08,40.295810004926125,40.34214584095581,39.62395658486703,40.087303161621094,4681200,0.0,0
2018-03-09,40.33442048577402,40.720543603132626,40.033244925576,40.21086120605469,3275500,0.0,0
2018-03-12,40.357589730578866,40.473427852178794,40.156806991809574,40.32670211791992,2079700,0.0,0
2018-03-13,40.75143394442207,40.921329057846435,40.15680399332237,40.18769454956055,2551600,0.0,0
2018-03-14,40.975384803346216,41.0294418021646,40.08730048695486,40.31125259399414,2944400,0.0,0
2018-03-15,40.674204701761674,40.797766918050215,40.43481027241607,40.620147705078125,5063200,0.0,0
2018-03-16,40.666487793971214,40.87499463696074,40.457980950981685,40.60470962524414,2006700,0.0,0
2018-03-19,40.156804309351706,40.17224958759234,39.53128379709106,39.86334991455078,2816700,0.0,0
2018-03-20,39.91740863906819,40.326701165404195,39.724347071552295,39.925132751464844,2106700,0.0,0
2018-03-21,40.02552752676049,41.307456279215245,39.925134681949956,41.12983703613281,3824200,0.0,0
2018-03-22,39.901959944947514,40.056409774918,39.08338085410925,39.22238540649414,4288800,0.0,0
2018-03-23,39.392280047674355,39.87879601164475,38.967545197935095,39.00615692138672,3124300,0.0,0
2018-03-26,39.863347546572946,39.909683378542404,39.18377301966682,39.7320671081543,2292100,0.0,0
2018-03-27,40.280363585601314,40.28808475177811,38.967544394126605,39.14516067504883,3806300,0.0,0
2018-03-28,38.84398904761274,39.006160066717925,38.37291832421449,38.76676559448242,3365100,0.0,0
2018-03-29,39.53900262348489,40.07957550609974,39.4617762426055,39.79384231567383,3074000,0.0,0
2018-04-02,39.940575606626105,40.1645247724813,39.392278549280555,39.62395477294922,2179700,0.0,0
2018-04-03,40.002353337075256,40.33441944510688,39.369111676616235,39.6085090637207,2950900,0.0,0
2018-04-04,38.65864877801215,39.43089503685141,38.65092466572777,39.36911392211914,2624400,0.0,0
2018-04-05,39.847903348185376,40.11046717801737,39.65484179524671,39.78612518310547,3076600,0.0,0
2018-04-06,39.376834735939525,39.53900572969869,38.85942825399805,39.037044525146484,2545100,0.0,0
2018-04-09,39.36911327953108,39.86335040577949,38.92893315484824,39.330501556396484,3645400,0.0,0
2018-04-10,41.021717503186174,41.392395327342875,40.75143251032779,41.03716278076172,4436400,0.0,0
2018-04-11,40.75915367617282,41.523678713792286,40.74370839859728,41.03716278076172,3228200,0.0,0
2018-04-12,41.22250314142045,41.755351960977265,41.052608034075305,41.554569244384766,2604300,0.0,0
2018-04-13,42.19553493788723,42.226425495126165,41.80169064369064,41.90208053588867,2687900,0.0,0
2018-04-16,42.45037740188602,42.45809856821393,41.60090475741952,41.87891387939453,2414500,0.0,0
2018-04-17,42.19553209599062,42.38859364690265,41.99474937923173,42.27275848388672,4476400,0.0,0
2018-04-18,43.80952245167393,44.326928888865986,43.74002018237604,43.902191162109375,5314600,0.0,0
2018-04-19,44.02575781809373,44.12615065635791,43.353904399310316,43.67824935913086,2666000,0.0,0
2018-04-20,43.67824553948569,43.963975804758306,43.39251232832763,43.70913314819336,2489500,0.0,0
2018-04-23,42.69749434855398,43.1917314596067,42.51215395896644,42.8751106262207,3019600,0.0,0
2018-04-24,43.32301450424426,43.624193023640565,42.59710407204222,42.99867248535156,2321400,0.0,0
2018-04-25,42.48126607154413,42.85194687400379,42.21870222156855,42.651161193847656,2535300,0.0,0
2018-04-26,43.41568617754423,43.41568617754423,42.736108636106444,42.99867248535156,1910100,0.0,0
2018-04-27,42.4967060444253,42.89827440871287,42.419482605321505,42.5816535949707,2835600,0.0,0
2018-04-30,42.48126178025576,42.73610443796786,42.404038339310816,42.43492889404297,1855400,0.0,0
2018-05-01,42.25731400731501,42.288201617173456,41.60862706611901,42.13375473022461,2493400,0.0,0
2018-05-02,42.80560779831157,42.921445908550965,42.35770358099712,42.48898696899414,2115000,0.0,0
2018-05-03,42.84421877602466,42.96777805005523,42.20325596258029,42.828773498535156,1911000,0.0,0
2018-05-04,42.635714514788916,43.16084219749518,42.573936346998224,42.952335357666016,1997600,0.0,0
2018-05-07,43.09134159501483,43.13767743207585,42.65888556598839,42.84422302246094,1757500,0.0,0
2018-05-08,42.74382911160884,42.79788611388374,42.23414670024146,42.790164947509766,2571300,0.0,0
2018-05-09,43.22262394963735,43.85586564474553,43.122231111373175,43.67824935913086,3765900,0.0,0
2018-05-10,43.84813853329496,44.357820910249,43.72457925845414,44.2883186340332,2198700,0.0,0
2018-05-11,44.76711427369115,44.88294943905014,44.18792960923961,44.319210052490234,2502900,0.0,0
2018-05-14,44.78255923573871,44.944730233628846,44.53543773710093,44.674442291259766,1983700,0.0,0
2018-05-15,44.01803684618182,44.55860981768049,43.8713111172134,44.41960525512695,1449300,0.0,0
2018-05-16,45.5316350711579,45.7710324527627,45.438966352359614,45.50846862792969,2722200,0.0,0
2018-05-17,45.21501488854647,45.7092519903174,45.168682001433886,45.547080993652344,1521300,0.0,0
2018-05-18,45.21501325534616,45.477577074413645,44.98333999049493,45.10689926147461,1965200,0.0,0
2018-05-21,45.5548081120143,45.79420256692387,45.44669116121645,45.68608856201172,2269500,0.0,0
2018-05-22,45.709251557071404,46.07220821406912,45.36946428929588,45.53163528442383,4043000,0.0,0
2018-05-23,44.543164153336,44.682168714686114,44.11842930293762,44.604942321777344,2611600,0.0,0
2018-05-24,44.41960610718254,44.53544128094197,44.03348296954627,44.48138427734375,1468700,0.0,0
2018-05-25,43.94081201241591,44.12614945938385,43.6628028960784,44.00259017944336,1229300,0.0,0
2018-05-29,43.52379849658321,43.74002650079598,42.921447372913015,43.10678482055664,2025100,0.0,0
2018-05-30,43.55469199145192,44.09526203845192,43.307573413998824,43.79408645629883,2375700,0.0,0
2018-05-31,44.095258417846274,44.149315418107726,43.492907302998375,43.78636169433594,1629200,0.0,0
2018-06-01,44.29604259769129,44.65127514343542,44.12614749064607,44.4350471496582,1590500,0.0,0
2018-06-04,44.78256026075141,44.86750487167228,44.44277003352557,44.52771759033203,1157900,0.0,0
2018-06-05,44.890672985860625,45.25362670114595,44.81344659737455,45.19956970214844,1889900,0.0,0
2018-06-06,46.01043486223746,46.89079515173766,45.99498958310237,46.85218048095703,4521200,0.0,0
2018-06-07,46.2884359651226,46.69000434087333,45.61658259890767,46.0567626953125,2969400,0.0,0
2018-06-08,45.96409515072825,46.04904270586856,45.60886259821923,45.732421875,1929900,0.0,0
2018-06-11,45.740144269997295,45.96409638576919,45.60886382371518,45.63975143432617,2422800,0.0,0
2018-06-12,45.35402002776484,45.54708158225688,45.153237307282744,45.384910583496094,1472100,0.0,0
2018-06-13,45.215018415783774,45.6165868287705,45.02195684872587,45.35402297973633,1677400,0.0,0
2018-06-14,45.33857404188259,45.593416703857464,44.93700566130384,45.1764030456543,1959800,0.0,0
2018-06-15,44.05664820839726,44.12615048910353,43.30757134510264,43.855865478515625,3674200,0.0,0
2018-06-18,43.33073097181105,44.09525299339433,43.27667397819951,44.06436538696289,2698100,0.0,0
2018-06-19,42.07969635227953,42.46581944877512,41.90980124713812,42.43492889404297,4656700,0.0,0
2018-06-20,42.89828101680554,42.90600512943698,42.2032611201537,42.52760314941406,2452500,0.0,0
2018-06-21,42.32681887108345,42.47354460100443,42.10286674708376,42.25731658935547,2221600,0.0,0
2018-06-22,43.261232430584876,43.32301059465743,42.79016177775413,42.828773498535156,2400100,0.0,0
2018-06-25,41.979304774020015,42.11058521671783,41.40784127797788,41.79396438598633,2767400,0.0,0
2018-06-26,41.8943622706717,42.72838969856467,41.81713881811237,42.558494567871094,5309800,0.0,0
2018-06-27,42.712941180532525,43.15312130769674,42.272761053368306,42.427207946777344,6252700,0.0,0
2018-06-28,42.2727595153609,43.09133862583488,42.18008784762436,42.8751106262207,5145700,0.0,0
2018-06-29,43.2612367183528,43.58557874012263,42.774720739812295,42.84422302246094,3292100,0.0,0
2018-07-02,41.8171350123018,41.917524902315186,41.361509613542474,41.670406341552734,4498600,0.0,0
2018-07-03,42.126029125613314,42.156919680262696,41.438730487034476,41.546844482421875,2389600,0.0,0
2018-07-05,41.64723867145315,41.878911947114446,41.45417711742116,41.76307678222656,1847700,0.0,0
2018-07-06,41.6317949962809,42.33453896217477,41.5159568810482,42.2032585144043,4809500,0.0,0
2018-07-09,42.75155125172908,43.261233639584695,42.519877974683,43.22262191772461,4294100,0.0,0
2018-07-10,42.96006148742586,43.42340807821673,42.89055920421865,43.407962799072266,5835100,0.0,0
2018-07-11,41.709012795393384,42.03335770659948,40.913600212538235,41.22249984741211,6101000,0.0,0
2018-07-12,41.65496256505417,41.786245962253034,41.33062054706706,41.73991012573242,2413200,0.0,0
2018-07-13,41.55457203211376,41.84030232154732,41.384676913371045,41.701297760009766,1494400,0.0,0
2018-07-16,41.41556908602592,41.53140426123502,41.230228681451266,41.42329025268555,1793100,0.0,0
2018-07-17,41.72446468709923,42.10286665252073,41.60862951506991,41.88663864135742,2114700,0.0,0
2018-07-18,42.025639542965386,42.44265322529538,41.73990925509587,42.427207946777344,2194200,0.0,0
2018-07-19,41.624072323061405,41.75535276607902,40.97538538219159,41.415565490722656,3211700,0.0,0
2018-07-20,41.284285305157184,41.948417575422695,41.230228301380755,41.57773971557617,2712500,0.0,0
2018-07-23,41.600901480115574,41.66268258941434,41.42328520970979,41.546844482421875,2040200,0.0,0
2018-07-24,43.70141222411965,43.98714249097212,43.13767285616297,43.15311813354492,5503300,0.0,0
2018-07-25,42.56621260485065,43.48518753051758,42.442653322309596,43.48518753051758,2692600,0.0,0
2018-07-26,42.53532006380909,42.84421676141794,42.288198581482554,42.54304122924805,3633400,0.0,0
2018-07-27,42.62799238806318,43.02183666827627,42.34998327455483,42.51987838745117,2174400,0.0,0
2018-07-30,42.40403639599596,42.929164018834975,42.326812958590054,42.349979400634766,2921600,0.0,0
2018-07-31,43.49290657739222,43.51607302115047,42.821053195433265,42.85966491699219,2822100,0.0,0
2018-08-01,41.86346552302415,41.93296779840806,41.330616709004545,41.53912353515625,2389500,0.0,0
2018-08-02,39.87879503189156,40.18769470368681,39.70117875166926,40.04096603393555,6363100,0.0,0
2018-08-03,39.85562775631455,40.820935528184656,39.84018247845837,40.6973762512207,6532300,0.0,0
2018-08-06,39.72434869595049,39.96374610997845,39.392282550573526,39.647125244140625,3486600,0.0,0
2018-08-07,40.720545631815384,40.74371207732765,39.67801434136285,39.778404235839844,3017700,0.0,0
2018-08-08,39.9405787184647,40.311256580974934,39.50039857261593,40.13364028930664,3059100,0.0,0
2018-08-09,40.26108467104085,40.31649685362921,39.80195170703733,39.849449157714844,1724700,1.271,0
2018-08-10,38.81244509880787,39.29532529030211,38.81244509880787,39.208248138427734,4540900,0.0,0
2018-08-13,39.39823331794554,39.50114294957258,38.93910036125368,39.16866683959961,2337600,0.0,0
2018-08-14,38.75703059888444,39.01826203889749,38.55912909090026,38.812442779541016,2571300,0.0,0
2018-08-15,37.42712963016184,37.601283911435964,36.991746946713704,37.54587173461914,4388700,0.0,0
2018-08-16,37.86252246860783,38.10791843511705,37.59337626488908,37.64878845214844,2363200,0.0,0
2018-08-17,37.55379082723786,38.41664156325996,37.41921924497834,38.20290756225586,2067900,0.0,0
2018-08-20,38.48788769345314,38.551217630856414,38.04459021058072,38.15541458129883,2059100,0.0,0
2018-08-21,38.02083936714372,38.11583427173194,37.743778444772026,37.8546028137207,2433500,0.0,0
2018-08-22,38.47996999797399,38.503717212802734,38.03666952950056,38.2187385559082,2713500,0.0,0
2018-08-23,37.79127579667468,37.87834992937621,37.37964027043196,37.419219970703125,2061500,0.0,0
2018-08-24,38.25832283498719,38.416641633289935,38.00500611428028,38.22665786743164,2036400,0.0,0
2018-08-27,38.567050207602094,38.82036391834681,38.424560867840995,38.590797424316406,2067500,0.0,0
2018-08-28,39.326996005434246,39.33491073869878,38.543304543774155,38.598716735839844,3616900,0.0,0
2018-08-29,38.57496153309761,38.90743763642271,38.416639722930285,38.78078079223633,1552800,0.0,0
2018-08-30,38.47997457088801,38.52746900618969,38.092086237410406,38.19499588012695,2074500,0.0,0
2018-08-31,38.052504659628035,38.22665896645302,37.78335846714287,38.02083969116211,1501400,0.0,0
2018-09-04,36.80968337030263,36.991752409550664,36.60386711455107,36.88092803955078,3222100,0.0,0
2018-09-05,37.05508339590682,37.22923468809374,36.77801944332333,37.02341842651367,2562900,0.0,0
2018-09-06,37.08674429530234,37.38755545654317,36.6513615475581,36.88092803955078,2625100,0.0,0
2018-09-07,36.532624989955956,36.793853448903135,36.223896055217935,36.62761688232422,3224300,0.0,0
2018-09-10,36.944253173526064,36.968003408620774,36.68302474538393,36.762184143066406,2242100,0.0,0
2018-09-11,36.21597830667002,36.65136104848575,36.11306867032673,36.635528564453125,2082300,0.0,0
2018-09-12,36.770105950024195,37.458802448977416,36.667196305897185,37.2767333984375,2609600,0.0,0
2018-09-13,37.73585590071609,37.79918582906586,37.110489466816624,37.387550354003906,3187400,0.0,0
2018-09-14,37.791276853289844,37.902101225042685,37.47463320279231,37.561710357666016,1461400,0.0,0
2018-09-17,37.894185920250514,38.03667527020305,37.58546000193263,37.632957458496094,1777500,0.0,0
2018-09-18,38.21874171294139,38.41664323882818,38.03667267149405,38.266239166259766,2478200,0.0,0
2018-09-19,38.970765760146456,39.429898721931195,38.93910079318114,39.010345458984375,3317600,0.0,0
2018-09-20,40.8231271105379,40.8231271105379,40.24525500893424,40.49065399169922,6404500,0.0,0
2018-09-21,40.84686889153571,41.10018257305397,40.69646483680214,40.83103942871094,2754500,0.0,0
2018-09-24,41.16351616981864,41.29017302185935,40.68063597774546,40.75188064575195,2471300,0.0,0
2018-09-25,41.3218391433941,41.678062493371336,41.290174174565536,41.32975387573242,3001400,0.0,0
2018-09-26,40.918111148501254,41.10809790834335,40.69646244513305,40.79145431518555,2289900,0.0,0
2018-09-27,40.50648069524639,40.767712144871986,40.35607663074944,40.633140563964844,1763600,0.0,0
2018-09-28,40.324414964021834,40.72813577926174,40.23734082675731,40.38774490356445,2353200,0.0,0
2018-10-01,40.28482830085936,40.4668973159781,39.92860500182825,40.340240478515625,1736000,0.0,0
2018-10-02,40.36399717164067,40.625225619580156,40.30858196537831,40.522315979003906,2061600,0.0,0
2018-10-03,40.933952467662664,41.013114892911624,40.51440218292534,40.60939407348633,2185400,0.0,0
2018-10-04,41.06060524843004,41.06060524843004,40.3006641599764,40.498565673828125,1954900,0.0,0
2018-10-05,39.81778484782335,39.82570259960236,39.04201125904403,39.42198181152344,3675400,0.0,0
2018-10-08,39.35865496540165,39.509059032355395,39.01034636021135,39.44573211669922,1920400,0.0,0
2018-10-09,39.31907354151743,40.07901769259517,39.04993036643823,39.730709075927734,3889500,0.0,0
2018-10-10,39.23991570200041,39.32699285963482,38.39289738276381,38.57496643066406,3665500,0.0,0
2018-10-11,38.49580657850274,39.04201371586259,38.27415481080527,38.7332878112793,4585300,0.0,0
2018-10-12,39.485308435068106,39.49322316644576,38.62245776751437,38.9390983581543,2658300,0.0,0
2018-10-15,39.25574559028763,39.67529584596868,39.16075370630538,39.208248138427734,2768600,0.0,0
2018-10-16,39.70696208990759,39.722794574369686,39.287411820743785,39.46156311035156,2205400,0.0,0
2018-10-17,39.93652674535149,40.102763294939464,39.39031662565173,39.69112777709961,2943300,0.0,0
2018-10-18,39.421983552903846,39.54864040932511,38.62246271294544,38.75703430175781,2767200,0.0,0
2018-10-19,38.55912841857669,38.986596393106076,38.31373248558699,38.4799690246582,2101500,0.0,0
2018-10-22,38.614541382651936,38.9628499703381,38.42455762549346,38.867855072021484,2054900,0.0,0
2018-10-23,37.91001643072194,38.23457481765202,37.395474266911556,38.18708038330078,2484700,0.0,0
2018-10-24,38.19499358684416,38.37706262395698,36.61178141744129,36.659278869628906,3465900,0.0,0
2018-10-25,37.482547721784464,37.6408695461319,37.181739577235724,37.45088577270508,2582900,0.0,0
2018-10-26,36.659278951825925,38.02083936714372,36.65136119990812,37.8546028137207,3774100,0.0,0
2018-10-29,38.54329978434261,38.69370687543792,37.3717231228922,37.72003173828125,4223400,0.0,0
2018-10-30,37.68045047889725,38.092086027760146,37.53796113430095,38.084171295166016,2822800,0.0,0
2018-10-31,38.8441104649735,39.33490539360762,38.630376459018905,39.01826477050781,3232900,0.0,0
2018-11-01,39.69112953355016,40.371911265498944,39.20824932741264,40.189842224121094,2587600,0.0,0
2018-11-02,40.451072274344035,40.66480629307665,39.78612300042183,40.22942352294922,2326600,0.0,0
2018-11-05,41.02102973115967,41.14768659214627,40.5064845347991,40.6648063659668,1946100,0.0,0
2018-11-06,40.5302328449938,40.86270595687208,40.403575990030035,40.838958740234375,1723500,0.0,0
2018-11-07,41.559320370133044,41.59890007129993,41.01311324665971,41.32975387573242,1694500,0.0,0
2018-11-08,41.54348693878948,41.749306211746116,41.021027043977526,41.24267578125,1865400,0.0,0
2018-11-09,40.189842669858315,40.31649952699274,39.627803055057875,40.03152084350586,2856300,0.0,0
2018-11-12,40.743967791284184,40.743967791284184,39.73070990852587,39.76237487792969,2331900,0.0,0
2018-11-13,39.928605998014326,40.18983743040038,39.26365682981206,39.7227897644043,2187200,0.0,0
2018-11-14,38.59871099212577,39.04201148242352,38.40872722466783,38.772865295410156,4223600,0.0,0
2018-11-15,38.66995657205629,39.69112916037852,38.51163776868589,39.6198844909668,5689000,0.0,0
2018-11-16,40.07901658323114,40.55397902223762,39.92860949574697,40.316497802734375,2287800,0.0,0
2018-11-19,40.22150548315798,40.284832398461965,39.857364396144405,40.0948486328125,2030400,0.0,0
2018-11-20,39.271579656591065,39.38240402899201,38.55913294867403,38.83619689941406,2205500,0.0,0
2018-11-21,39.160754752351345,39.54072531816753,39.097424814846505,39.350738525390625,1078800,0.0,0
2018-11-23,37.51421145503828,37.78335764164307,37.15798811692347,37.60920333862305,1927000,0.0,0
2018-11-26,36.94425649065427,37.44296919609686,36.92050927316482,37.26881790161133,2004900,0.0,0
2018-11-27,36.32680350135589,36.770104005138876,36.28722380024293,36.66719436645508,3035500,0.0,0
2018-11-28,36.746353722975265,37.87043595555848,36.366383157235724,37.807106018066406,4852000,0.0,0
2018-11-29,37.316306115984595,37.4429629543776,37.015494992399745,37.22922897338867,2592200,0.0,0
2018-11-30,36.651364818692095,37.0155029296875,36.50887546747862,37.0155029296875,3802300,0.0,0
2018-12-03,38.384980461923405,38.48788707895428,37.71211347657595,37.8546028137207,3330800,0.0,0
2018-12-04,37.917929745203324,38.30581500578467,37.34797244179214,37.50629425048828,3466400,0.0,0
2018-12-06,36.097240111345236,36.72260970981478,35.82017915999184,36.71469497680664,3785200,0.0,0
2018-12-07,37.16591040548707,37.43505662494588,36.27931233775012,36.39013671875,2450400,0.0,0
2018-12-10,36.10515702255168,36.27931134205056,35.321465604544535,35.86767578125,3905500,0.0,0
2018-12-11,36.8413455699018,36.904672482397565,36.42179231820068,36.6434440612793,2923600,0.0,0
2018-12-12,37.442971360137776,37.822941960618294,37.16591040762216,37.20549011230469,2711200,0.0,0
2018-12-13,37.84669019464158,38.012926757346115,37.47463434690861,37.759613037109375,3038900,0.0,0
2018-12-14,36.865094175446515,37.229232240312946,36.83342920813531,36.952171325683594,3038300,0.0,0
2018-12-17,37.854605626017495,38.15541680675292,37.26090101705268,37.33214569091797,3151300,0.0,0
2018-12-18,37.83085781461578,38.13166597089537,37.70420095414602,37.815025329589844,3534100,0.0,0
2018-12-19,38.535384428880235,38.96285243917893,37.30839560204885,37.419219970703125,5236100,0.0,0
2018-12-20,37.96543013827223,38.32165350886604,37.45088795384811,37.79127883911133,4521400,0.0,0
2018-12-21,38.179161851488246,38.76495169433938,37.73586134825664,37.807106018066406,4374300,0.0,0
2018-12-24,38.31373895820293,38.416645583734265,37.38755819025621,37.498382568359375,2174900,0.0,0
2018-12-26,37.58545414212097,38.89160530646932,37.332140452751425,38.867855072021484,2372400,0.0,0
2018-12-27,37.363809400997674,38.24249267578125,37.363809400997674,38.24249267578125,2937300,0.0,0
2018-12-28,38.487888464474544,38.574965620279634,37.997093518717655,38.163330078125,1879700,0.0,0
2018-12-31,38.29790054149162,38.48788429746292,37.91793000981167,38.37705993652344,1894100,0.0,0
2019-01-02,36.770104079326174,37.50629799651556,36.73843911047687,37.482547760009766,3149600,0.0,0
2019-01-03,37.18174238005842,37.371726167806536,36.66719716707635,36.928428649902344,2501400,0.0,0
2019-01-04,38.07625077962036,39.2953248528142,37.878349262013735,38.98659896850586,3196200,0.0,0
2019-01-07,39.129083677048285,39.65154350097678,38.954929395826404,39.33489990234375,2791900,0.0,0
2019-01-08,39.524889965353196,39.89694577184889,39.4853102671539,39.81778335571289,2997600,0.0,0
2019-01-09,40.17400603838663,40.51439687300022,39.97610453080837,40.2452507019043,4223900,0.0,0
2019-01-10,39.55655691150171,40.08693153733836,39.469479759262846,40.0473518371582,2388300,0.0,0
2019-01-11,39.88111742580555,40.12651339194051,39.667383409672134,39.98402404785156,1500800,0.0,0
2019-01-14,39.74653985190789,40.261085002738945,39.722792636242225,40.01568603515625,1279100,0.0,0
2019-01-15,40.15026467260502,40.41149313039884,39.77029408507176,40.12651443481445,2322900,0.0,0
2019-01-16,39.97610990525998,40.356080488525606,39.928612449950116,40.28483581542969,1987200,0.0,0
2019-01-17,40.02360553002425,41.14768474330621,40.02360553002425,40.894371032714844,1832100,0.0,0
2019-01-18,41.11601743707648,41.163514887513706,40.72813216092019,40.878536224365234,2373500,0.0,0
2019-01-22,39.92069455058312,40.07109861752701,39.60405091311045,39.82570266723633,3697600,0.0,0
2019-01-23,39.58030916166217,39.68321881100912,39.279497966506916,39.5169792175293,2751100,0.0,0
2019-01-24,39.421985729690746,39.746544130925166,39.37449129324628,39.47739791870117,2070800,0.0,0
2019-01-25,40.49065490366605,41.87596563617043,40.42732496356316,41.36933517456055,4541300,0.0,0
2019-01-28,41.3772513129116,41.86013151827799,41.22684724064077,41.70972442626953,3991900,0.0,0
2019-01-29,42.91296343316385,43.35626391020522,42.715061919799616,43.071285247802734,4308300,0.0,0
2019-01-30,43.87872730005807,44.03704912738095,43.158365854489716,43.66499328613281,4056900,0.0,0
2019-01-31,44.052879545085645,44.63075162092287,43.90247245730418,44.54367446899414,2706500,0.0,0
2019-02-01,44.496178078032834,44.583255232037764,44.005383142422254,44.30619430541992,2254500,0.0,0
2019-02-04,44.456596554857235,45.20070516994383,44.25078030633967,44.91572952270508,3742900,0.0,0
2019-02-05,44.860314248442954,44.93947666677551,44.234947752171976,44.51200866699219,2551700,0.0,0
2019-02-06,44.567420742840014,45.20862274097389,44.456596377178286,44.83656692504883,5543000,0.0,0
2019-02-07,44.82073538900598,44.844485624819534,44.1716186452032,44.54367446899414,4054700,0.0,0
2019-02-08,44.32994388316719,44.56742512145088,43.9895530010567,44.35369110107422,5001900,0.0,0
2019-02-11,44.19537114343388,44.33785746692149,44.02121683066123,44.15578842163086,1903200,0.0,0
2019-02-12,44.39327288538569,44.47243228989416,44.02121704077293,44.2666130065918,4602500,0.0,0
2019-02-13,44.85240196537307,45.15321313198577,44.583255767822266,44.583255767822266,2570300,0.0,0
2019-02-14,44.337855958254984,44.591172686276465,44.23494934033425,44.55158996582031,2474500,0.0,0
2019-02-15,45.20070506175837,45.398606577825156,44.95530911446755,45.24028778076172,2428200,0.0,0
2019-02-19,45.43819265226093,46.10314191613872,45.41444241515756,45.77858352661133,2530100,0.0,0
2019-02-20,45.77858140998085,46.49102507564922,45.770663658066574,46.253543853759766,2202700,0.0,0
2019-02-21,45.77858152606385,45.94481807983425,45.47777036704772,45.928985595703125,2514600,0.0,0
2019-02-22,46.53060770709786,46.69684729065617,46.33270617310069,46.5701904296875,2230100,0.0,0
2019-02-25,46.000229818595514,46.53852219488623,45.98439733461784,46.46727752685547,2361700,0.0,0
2019-02-26,46.41186472739493,46.839329710173864,46.30104036075826,46.54643630981445,2608500,0.0,0
2019-02-27,47.179720117129534,47.47261653446567,46.293122172655565,46.32478713989258,4280400,0.0,0
2019-02-28,46.19021508674796,46.31687194294462,45.91315415748578,46.071475982666016,3645800,0.0,0
2019-03-01,46.59393460341536,46.6493467877354,46.03189500831917,46.1981315612793,2538100,0.0,0
2019-03-04,46.43561553955078,46.71267647760044,46.20604903674521,46.43561553955078,2590200,0.0,0
2019-03-05,46.57018825116496,46.83933142586251,46.52269079812194,46.64142990112305,2167900,0.0,0
2019-03-06,47.13222751870979,47.21138692014289,46.85516357421876,46.85516357421875,2881200,0.0,0
2019-03-07,47.05977416724736,47.05977416724736,46.41184792805709,46.66761016845703,4522000,4.23,0
2019-03-08,45.80654828645847,46.607927271204275,45.73834741115014,46.599403381347656,3593000,0.0,0
2019-03-11,46.71876042861554,47.358159530974746,46.633508515828446,47.12797546386719,1972500,0.0,0
2019-03-12,47.17912989088967,47.417837855134586,47.14502782395408,47.162078857421875,1737600,0.0,0
2019-03-13,47.75885205538079,47.97198509565713,47.52014409095996,47.76737594604492,1720600,0.0,0
2019-03-14,47.5116143397593,47.93788039691,47.451937351930354,47.741798400878906,1525400,0.0,0
2019-03-15,47.69064463948767,47.929355839633,47.60539273010484,47.72474670410156,1533600,0.0,0
2019-03-18,48.42382461328003,48.84156679033991,48.4067735803233,48.58580780029297,3528900,0.0,0
2019-03-19,49.48948891716234,49.51506709222649,47.80147570976625,48.185115814208984,7251400,0.0,0
2019-03-20,47.77589911846669,48.58580525464032,47.648018004067545,48.29594421386719,2992000,0.0,0
2019-03-21,48.3044697042045,48.66253488509411,48.0316596864562,48.44940185546875,2154600,0.0,0
2019-03-22,48.1680608930061,48.38119390580701,47.85262494466322,47.861148834228516,3280500,0.0,0
2019-03-25,48.33004423651407,48.9950214950348,48.28741828136385,48.55170440673828,2982900,0.0,0
2019-03-26,49.26782989501953,49.53211275957586,49.07174790603678,49.26782989501953,6422700,0.0,0
2019-03-27,49.600318584288175,49.762298514950096,49.05469855242495,49.15700149536133,5049800,0.0,0
2019-03-28,49.90723004730494,49.90723004730494,49.23372890599651,49.46391296386719,5061300,0.0,0
2019-03-29,50.214141810328,50.3249686413802,49.85607663849636,50.171512603759766,5531500,0.0,0
2019-04-01,51.61229325747433,51.6463953214245,50.98994522506688,51.024044036865234,3186300,0.0,0
2019-04-02,51.484413609274455,52.00445871678663,51.433263764045,51.98740768432617,2640900,0.0,0
2019-04-03,52.550080089047,52.609757078106796,51.94478305592513,52.02151107788086,2860400,0.0,0
2019-04-04,51.80837490803086,52.055609991824475,51.56113982423726,52.03855895996094,2334400,0.0,0
2019-04-05,52.31989549166381,52.38809962255468,51.87657839732901,52.06413650512695,1697400,0.0,0
2019-04-08,52.76321115497823,53.266205224124576,52.61828225899376,53.163902282714844,2807300,0.0,0
2019-04-09,52.97634331818917,53.19800348181483,52.71206045283403,52.76321029663086,1918400,0.0,0
2019-04-10,53.56459474864402,53.66689769260957,53.07864844746578,53.19800567626953,3456500,0.0,0
2019-04-11,52.85698899423597,53.21505090703503,52.652379863956654,52.90814208984375,3029300,0.0,0
2019-04-12,53.93970719327694,53.93970719327694,53.47933907162518,53.52196502685547,1768500,0.0,0
2019-04-15,53.16390122974607,53.308830122860066,52.865513049329095,53.24915313720703,2094200,0.0,0
2019-04-16,52.85699089422788,52.91666788183953,50.93879364403413,51.44178771972656,5802800,0.0,0
2019-04-17,51.08372215392958,51.62081829050718,51.015521276670775,51.544090270996094,3401300,0.0,0
2019-04-18,51.6463963833896,51.944781318709516,51.44178724763317,51.80837631225586,1392600,0.0,0
2019-04-22,51.66344311325861,51.9447802626852,51.4076841378765,51.89362716674805,1578600,0.0,0
2019-04-23,51.569668718834244,52.06413565107407,51.54409054409376,51.66344451904297,1404800,0.0,0
2019-04-24,51.12635709078058,51.28833703805675,50.452855872052055,50.66598892211914,2552800,0.0,0
2019-04-25,50.51252445658725,50.89616453327015,50.17151033239095,50.58925247192383,2404100,0.0,0
2019-04-26,50.53810186080363,50.751234885860526,50.410223997060605,50.555152893066406,2558000,0.0,0
2019-04-29,50.51252879359702,50.62335888129945,50.248242662045676,50.546630859375,1712700,0.0,0
2019-04-30,50.12036279462992,50.44432265014408,49.8901787380371,50.214141845703125,2183000,0.0,0
2019-05-01,50.12888426560188,50.26528926453903,48.850086181009225,49.39570617675781,3054400,0.0,0
2019-05-02,49.12289649150494,49.174049585988804,48.74778355507846,48.96944046020508,3696000,0.0,0
2019-05-03,49.66851867235301,50.324968779046884,49.66851867235301,50.2311897277832,2394700,0.0,0
2019-05-06,49.08027484333302,49.57474504358838,48.91829490815559,49.51506805419922,2313400,0.0,0
2019-05-07,50.07773954128373,50.13741653115793,49.25078232138114,49.69409942626953,2861200,0.0,0
2019-05-08,49.27635743343393,49.62589548352751,49.071751539411956,49.16552734375,2533300,0.0,0
2019-05-09,48.96091455402207,49.45538143839398,48.80745852904247,49.22520065307617,2794100,0.0,0
2019-05-10,49.48096434183028,50.342020340189556,49.18257615266078,50.18856430053711,2772300,0.0,0
2019-05-13,49.18257676106809,49.327508912378,48.52612663935694,48.730735778808594,3400900,0.0,0
2019-05-14,49.63442531437909,50.162994363406966,49.455391082223386,49.83903121948242,2417400,0.0,0
2019-05-15,49.293408278126705,49.96690945202362,49.1825781888666,49.69409942626953,1653100,0.0,0
2019-05-16,50.56368282975075,51.27980996360584,50.2652946268891,50.96437072753906,3963500,0.0,0
2019-05-17,51.006997721650755,51.44178766696859,50.77681366160535,51.11782455444336,3287100,0.0,0
2019-05-20,51.049625127173655,51.45884016149715,50.81944106058819,50.93027114868164,2291500,0.0,0
2019-05-21,50.66598132328924,51.01551934288982,50.4869503686003,50.94731521606445,1328800,0.0,0
2019-05-22,50.96436688579923,51.058145935282255,50.62335600385854,50.68303298950195,2138100,0.0,0
2019-05-23,50.14593940192369,50.25676948893006,49.625894284607625,50.10331344604492,2455600,0.0,0
2019-05-24,50.83649272302654,51.049625759302,50.5636826967661,50.904693603515625,2329900,0.0,0
2019-05-28,52.123815850463615,52.388101991388034,51.58671967794397,51.68902587890625,3646800,0.0,0
2019-05-29,50.282339888963,50.67450385121435,50.08625790783733,50.63187789916992,4238000,0.0,0
2019-05-30,50.52957661254404,50.59777748761008,50.22266454436742,50.239715576171875,1840600,0.0,0
2019-05-31,48.85009178996305,49.566218929646524,48.764839875395616,49.38718795776367,3632300,0.0,0
2019-06-03,49.446864595966346,50.20561768752564,49.370136572541696,50.09478759765625,2283200,0.0,0
2019-06-04,50.28234340609758,50.529578498261095,49.932805371441276,50.51252746582031,1556100,0.0,0
2019-06-05,49.949852821912295,50.035104725850786,49.22520188198013,49.480960845947266,2613400,0.0,0
2019-06-06,49.42128820068376,49.70262211009603,49.08880119312747,49.43833923339844,2650100,0.0,0
2019-06-07,49.2593046253348,49.983958875278084,49.19962763738266,49.54064178466797,1779400,0.0,0
2019-06-10,50.20561688715951,50.3079198327108,49.89870479835363,50.01805877685547,1841900,0.0,0
2019-06-11,51.41621266057693,51.68902267526362,51.23717844606537,51.382110595703125,2438700,0.0,0
2019-06-12,51.382107446391394,51.859526568907086,51.31390332082414,51.3991584777832,1705100,0.0,0
2019-06-13,52.14086418354164,52.6012323075728,51.95330607697666,52.49040222167969,2175500,0.0,0
2019-06-14,51.57819225408683,51.9788833833609,51.50146423469715,51.80837631225586,2095800,0.0,0
2019-06-17,51.96183471109893,51.99593677729921,51.65492261960053,51.714599609375,1378100,0.0,0
2019-06-18,52.43072257040656,53.1468496429177,52.43072257040656,53.01044464111328,2456800,0.0,0
2019-06-19,51.24570423644523,51.48441217996074,50.5381010436645,51.066673278808594,4422000,0.0,0
2019-06-20,51.62934399824082,51.75722185910496,51.10077176644996,51.49293899536133,2521500,0.0,0
2019-06-21,51.22013066578037,51.65492061038981,51.22013066578037,51.382110595703125,1750100,0.0,0
2019-06-24,51.893627304762006,52.2431653308826,51.637868328699696,51.953304290771484,1748100,0.0,0
2019-06-25,52.430719620509244,52.56712461463914,51.799844490063734,51.99592971801758,2651900,0.0,0
2019-06-26,52.481876649041546,52.97634357029093,52.40514863082935,52.60123062133789,1918600,0.0,0
2019-06-27,53.20652553790005,53.2150494275218,52.63533062084361,52.814361572265625,2242900,0.0,0
2019-06-28,53.45376265848113,53.4708136905282,52.99339454966569,53.1468505859375,2088500,0.0,0
2019-07-01,53.86297917300164,53.88855409570943,53.308831998552094,53.52196502685547,2174200,0.0,0
2019-07-02,53.79477489229161,54.57910287321908,53.47933892188834,54.331871032714844,3021700,0.0,0
2019-07-03,53.8970802696775,54.0334852752548,53.615743116338905,53.97380828857422,1896600,0.0,0
2019-07-05,51.09224662393341,51.36505662300378,50.43579654737292,51.194549560546875,4933400,0.0,0
2019-07-08,51.69755080098972,51.927734879519086,51.45884283161948,51.5611457824707,2191200,0.0,0
2019-07-09,51.52703941009702,51.69754648203922,51.339484557897315,51.64639663696289,1934800,0.0,0
2019-07-10,52.311369658020126,52.46482569467177,52.08118560304267,52.336944580078125,1607300,0.0,0
2019-07-11,51.85953150380561,52.10676335213398,51.66344625021633,51.87657928466797,1942300,0.0,0
2019-07-12,51.95330703703888,52.21759316915955,51.70607518999593,51.757225036621094,1672600,0.0,0
2019-07-15,52.48188015512878,52.64386009233044,52.20907012818279,52.43925094604492,2218700,0.0,0
2019-07-16,51.72312625903696,51.77427936106615,51.27128524031183,51.51852035522461,2668300,0.0,0
2019-07-17,51.79132502723041,52.14938694786725,51.7486990727001,51.97035598754883,1746800,0.0,0
2019-07-18,51.45883487216715,51.76574692940102,51.151922814933286,51.70606994628906,1561500,0.0,0
2019-07-19,52.20054284547394,52.43072691487064,51.842480905624875,52.09823989868164,1597300,0.0,0
2019-07-22,52.0556107349083,52.26021661588787,51.5099874639418,51.791324615478516,1672000,0.0,0
2019-07-23,52.05561229315944,52.174966269328955,51.424737094925256,51.620819091796875,1527100,0.0,0
2019-07-24,49.242249661046486,49.61736584353985,49.09732077392072,49.480960845947266,3187300,0.0,0
2019-07-25,48.93534519049793,49.19962806740965,48.62843310568899,48.85009002685547,1948000,0.0,0
2019-07-26,49.30193534006194,49.31898312101063,48.79041410349634,49.046173095703125,1240100,0.0,0
2019-07-29,49.463916379817825,49.48096741329895,48.95239513184032,49.28488540649414,1102800,0.0,0
2019-07-30,49.26782783394937,49.51506290838333,49.11437180513875,49.480960845947266,2286700,0.0,0
2019-07-31,48.66253662109375,49.35308558033748,48.10838942343826,48.66253662109375,3222700,0.0,0
2019-08-01,47.08534810994241,47.46046106808476,46.15608797867547,46.48857498168945,3637600,0.0,0
2019-08-02,45.85770582193118,46.03673679561986,45.30355861519713,45.42291259765625,3184200,0.0,0
2019-08-05,44.63858120419208,44.809088274346855,44.075910149187635,44.45102310180664,3707800,0.0,0
2019-08-06,44.783510099924925,44.817612164386254,43.92245411126353,44.45102310180664,3193900,0.0,0
2019-08-07,43.658166238999875,44.050330208121764,43.61554028620867,43.9565544128418,2615200,0.0,0
2019-08-08,44.507789880579786,45.09458839684003,44.42777174692589,45.032352447509766,2398400,2.12,0
2019-08-09,44.1699361456245,44.27662586233814,43.31641162870541,43.369754791259766,3055000,0.0,0
2019-08-12,43.814298498283186,43.82319128629613,43.325300297322954,43.37864685058594,1869700,0.0,0
2019-08-13,43.40532231393038,44.650048201899004,43.35197575589566,44.46333694458008,2803900,0.0,0
2019-08-14,43.654265452044044,43.823194520709016,43.165267214992824,43.17416000366211,1894600,0.0,0
2019-08-15,43.5475742417312,43.609810193869734,43.183047925660475,43.5386848449707,1684000,0.0,0
2019-08-16,43.4231052148688,43.57424871104785,43.218615159776725,43.40532302856445,1544300,0.0,0
2019-08-19,43.98322908315662,44.06324722002976,43.680938720703125,43.680938720703125,2054200,0.0,0
2019-08-20,43.5653576951963,43.78762992833506,43.2897389051264,43.31641387939453,2027900,0.0,0
2019-08-21,43.37864611016359,43.40531769053739,43.03190199888493,43.10302734375,2691500,0.0,0
2019-08-22,43.13859254874753,43.32530039819534,42.871866565021385,43.16526412963867,2459100,0.0,0
2019-08-23,43.20082632611331,43.66315292407178,42.56957407166422,42.65848159790039,1955500,0.0,0
2019-08-26,42.934102669324595,43.200828654010486,42.73850203113932,42.98744583129883,1386900,0.0,0
2019-08-27,43.25417468287034,43.27195347557614,42.83630183058192,42.85408401489258,1591700,0.0,0
2019-08-28,43.01412158635447,43.72539202232377,42.871867499160615,43.29862976074219,2746300,0.0,0
2019-08-29,44.12548174362373,44.16104272094576,43.70760888774462,43.79651641845703,1838700,0.0,0
2019-08-30,44.970115661621094,45.183495086325486,44.71227908113221,44.970115661621094,3027000,0.0,0
2019-09-03,44.267736251873025,44.59669818858674,44.214389697971505,44.427772521972656,1391400,0.0,0
2019-09-04,45.699172384459025,45.88588024587927,45.54802550263898,45.87698745727539,2254800,0.0,0
2019-09-05,45.832535776644164,46.45489873466407,45.796971403818965,46.38376998901367,2848700,0.0,0
2019-09-06,46.454896068148514,46.61493234507054,46.30375257972497,46.3748779296875,1910000,0.0,0
2019-09-09,46.19705629594365,46.60603635706563,46.19705629594365,46.57936477661133,1721500,0.0,0
2019-09-10,46.41933280546241,47.183949837541284,46.321532479274865,46.99724197387695,1961300,0.0,0
2019-09-11,47.23729413040535,47.379548218511545,47.00612911747967,47.3350944519043,1395400,0.0,0
2019-09-12,47.43288955161057,47.948562720851506,47.26396388837899,47.73517990112305,2066800,0.0,0
2019-09-13,49.23774469629286,49.29108786016905,48.73096428983891,48.76652526855469,2489900,0.0,0
2019-09-16,48.21529293077567,48.419782980498645,47.566258409931834,47.699623107910156,2255000,0.0,0
2019-09-17,47.15727448595678,47.72629082018654,46.961673849213476,47.66405487060547,1580700,0.0,0
2019-09-18,47.504022964211345,47.557369522295204,46.85498843641444,47.166168212890625,1405600,0.0,0
2019-09-19,47.25507747430832,47.38843877740078,46.97945868801579,47.04169464111328,1623400,0.0,0
2019-09-20,47.21061753429945,47.415110958552354,46.917219971493104,46.961673736572266,1967400,0.0,0
2019-09-23,46.66827524646267,47.237291568021185,46.54379995846754,47.11281967163086,1324500,0.0,0
2019-09-24,46.25040483613671,46.36598734241411,45.521352211811546,45.716949462890625,2161500,0.0,0
2019-09-25,45.396880098977604,46.232622437445954,45.396880098977604,46.143714904785156,1528900,0.0,0
2019-09-26,46.18816888466541,46.22373325453615,45.65471351141933,45.716949462890625,1714300,0.0,0
2019-09-27,46.090368033790206,46.53491247725207,46.037021479597,46.214839935302734,5485400,0.0,0
2019-09-30,46.08147952107115,46.410441465893044,46.08147952107115,46.31264114379883,1475900,0.0,0
2019-10-01,46.17038781101348,46.25040594934611,45.52135330747325,45.6724967956543,1903100,0.0,0
2019-10-02,44.17882736331939,44.58781084552321,43.81430104055007,44.232173919677734,3017800,0.0,0
2019-10-03,43.565353524132036,44.4010958197397,43.512006972308434,44.26773452758789,2641200,0.0,0
2019-10-04,44.134370214880946,44.58780743018175,44.12548081863801,44.578914642333984,1637700,0.0,0
2019-10-07,44.267736301687215,44.67671637391096,44.12548221606134,44.17882537841797,1317600,0.0,0
2019-10-08,44.09880909156861,44.1343734623669,43.76984714069711,43.77873992919922,1363400,0.0,0
2019-10-09,44.125484363414756,44.29441003843964,43.672047111687526,44.05435562133789,1850200,0.0,0
2019-10-10,44.70338965733822,45.370206345026936,44.57002835476351,45.2546272277832,2530000,0.0,0
2019-10-11,46.926113959029934,47.51291253365877,46.90833177293752,46.98834991455078,3372200,0.0,0
2019-10-14,46.374874525702324,46.44600326204897,46.072584179438735,46.09036636352539,1257300,0.0,0
2019-10-15,45.441336366477785,45.98368116373314,45.29908227142762,45.69917297363281,6116200,0.0,0
2019-10-16,45.23684731860816,45.370208627893135,44.827863818627314,44.91677474975586,2280600,0.0,0
2019-10-17,45.52135038236824,45.725840413499306,45.10347753219332,45.139041900634766,2676200,0.0,0
2019-10-18,45.48578774905213,45.681388391336746,45.26351552522142,45.29907989501953,2522500,0.0,0
2019-10-21,46.35709239632256,46.383763976681614,45.95700173291259,46.12593078613281,3338200,0.0,0
2019-10-22,46.19705951895892,46.632714582534255,46.143716354328724,46.41044235229492,1774100,0.0,0
2019-10-23,46.677163669827976,46.677163669827976,46.303747988439625,46.348201751708984,1126200,0.0,0
2019-10-24,46.97945697469696,46.97945697469696,46.1259324562546,46.250404357910156,1461400,0.0,0
2019-10-25,46.410441974769356,46.979458336896585,46.37487760423514,46.73051452636719,1383600,0.0,0
2019-10-28,47.2728567195333,47.59292927657984,47.13949541516732,47.42400360107422,1698200,0.0,0
2019-10-29,47.6729482002277,47.7085125719525,47.40622219550205,47.45067596435547,1284200,0.0,0
2019-10-30,46.88165680486958,46.88165680486958,46.20595074016808,46.70383834838867,1467400,0.0,0
2019-10-31,46.410441360583405,46.49045949742392,45.97478630631727,46.241512298583984,1991900,0.0,0
2019-11-01,46.872768566227585,48.04636565974756,46.73940387267098,47.993019104003906,2355800,0.0,0
2019-11-04,49.37110756393747,49.67339793804478,49.04214560704589,49.1043815612793,2413700,0.0,0
2019-11-05,50.22463575085745,50.22463575085745,49.45112593051726,49.628944396972656,1895700,0.0,0
2019-11-06,49.78008766361732,49.851213010068584,49.31776104106692,49.48668670654297,1525600,0.0,0
2019-11-07,49.68229023538016,49.788979957067305,49.17550981785985,49.35332489013672,2365100,0.0,0
2019-11-08,48.073036246695494,48.33976223668238,47.619602402878286,48.10860061645508,2458500,0.0,0
2019-11-11,46.73940101273384,47.47734639314418,46.703836644414224,47.459564208984375,1664300,0.0,0
2019-11-12,47.619600836054516,47.64627241669414,46.97056637151972,47.13949203491211,1667100,0.0,0
2019-11-13,46.53491231940365,46.72162017103912,46.25040414788152,46.39265823364258,1175900,0.0,0
2019-11-14,46.810531867733594,47.077257858991466,46.69494936126669,47.05058288574219,1706300,0.0,0
2019-11-15,47.504022020968925,48.00191304504987,47.3617679271751,47.984130859375,1984700,0.0,0
2019-11-18,47.83298210184356,48.188619018189385,47.628492062006465,48.00191116333008,1134200,0.0,0
2019-11-19,49.20218076021963,49.20218076021963,48.37532779679082,48.482017517089844,1430200,0.0,0
2019-11-20,47.33509544834908,47.74407553631315,47.08614824521895,47.219512939453125,1323200,0.0,0
2019-11-21,47.07725562069792,47.4595641002458,47.041691252459785,47.38843536376953,1089600,0.0,0
2019-11-22,47.957453010276694,48.15305364936995,47.74407357817944,47.83298110961914,1178800,0.0,0
2019-11-25,48.32197910487851,48.7220697778211,48.21528938929546,48.60648727416992,1103200,0.0,0
2019-11-26,48.58870947389491,48.828760490959716,48.41089101655378,48.77541732788086,1204900,0.0,0
2019-11-27,48.77541706382076,48.962124916795915,48.562034237845616,48.88210678100586,857800,0.0,0
2019-11-29,48.31309304332693,48.62427281509271,48.26863927473255,48.50869369506836,820800,0.0,0
2019-12-02,48.659833625667304,49.19328898457682,48.437561407356235,49.03325271606445,1924200,0.0,0
2019-12-03,48.14416321383225,48.57092546042141,47.99301634372086,48.54425048828125,1089200,0.0,0
2019-12-04,48.63316324032895,48.96212518186681,48.47312696788242,48.77541732788086,1300000,0.0,0
2019-12-05,48.49979599573248,48.77541475967916,48.31308815157737,48.55314254760742,1107100,0.0,0
2019-12-06,49.255526291583045,49.397780379557666,49.08659723038476,49.228851318359375,839100,0.0,0
2019-12-09,49.79786902236268,50.16239534467052,49.566707394979325,49.708961486816406,1416700,0.0,0
2019-12-10,49.54892234797545,52.456243361620565,49.113270700711574,49.842323303222656,1325400,0.0,0
2019-12-11,50.33132317213681,50.82921078551436,50.33132317213681,50.59804916381836,2063700,0.0,0
2019-12-12,50.62472290617969,51.33599676982781,50.464686626019386,51.14039611816406,1809200,0.0,0
2019-12-13,51.81610204950564,52.41179339962501,51.14039595117252,51.318214416503906,1651000,0.0,0
2019-12-16,53.06082440418518,53.06082440418518,52.23397147797146,52.296207427978516,1797300,0.0,0
2019-12-17,51.93168325746609,52.44735645482558,51.93168325746609,52.17173767089844,1392800,0.0,0
2019-12-18,51.97613608835282,52.14506514935709,51.84277478880758,52.03837203979492,1313300,0.0,0
2019-12-19,52.358445692257185,52.43846383031809,51.896119049194695,51.993919372558594,1462700,0.0,0
2019-12-20,52.62517046863321,52.79409952929293,52.233972575851425,52.25175476074219,1369300,0.0,0
2019-12-23,52.25175460231855,52.57182714617183,52.2339724174817,52.42957305908203,1459900,0.0,0
2019-12-24,52.607387753078335,52.66962709537066,52.429572689174364,52.46513366699219,405200,0.0,0
2019-12-26,52.71408065407697,52.93635287468792,52.562933780426974,52.89189910888672,775400,0.0,0
2019-12-27,53.07860869107514,53.07860869107514,52.69630018782908,52.767425537109375,728200,0.0,0
2019-12-30,52.740756056092145,52.891902940692134,52.56293758840017,52.607391357421875,800400,0.0,0
2019-12-31,52.80298917809656,52.8118819663869,52.465134446768666,52.77631759643555,784500,0.0,0
2020-01-02,53.05193125412169,53.36311439363854,52.90078777416585,53.24753189086914,1814300,0.0,0
2020-01-03,52.26953777949727,52.68740726047904,52.26064499110753,52.31399154663086,1561700,0.0,0
2020-01-06,51.949464824241645,52.171737049780376,51.780539153810004,51.967247009277344,1492600,0.0,0
2020-01-07,51.86944470293157,52.17173505376325,51.73608001606867,51.91389846801758,1627600,0.0,0
2020-01-08,52.171735634711,52.72296978944638,52.1094996845766,52.36733627319336,1420400,0.0,0
2020-01-09,52.056154756748846,52.136172893935786,51.62050309220164,51.82499313354492,1778800,0.0,0
2020-01-10,52.10950109795793,52.42957364539051,51.94057203592129,51.967247009277344,1104800,0.0,0
2020-01-13,52.03837156666869,52.79409915697396,51.993917800557774,52.57182693481445,1370200,0.0,0
2020-01-14,52.598500131197156,52.88300831296875,52.45624604031136,52.660736083984375,1148300,0.0,0
2020-01-15,52.27842430894775,52.740750923310735,52.10060585856124,52.44735336303711,1497100,0.0,0
2020-01-16,52.66073640353877,52.77631891296143,52.47402854404414,52.5896110534668,1003300,0.0,0
2020-01-17,54.19885755592741,54.27887569115349,53.807659667936,53.94102096557617,1762100,0.0,0
2020-01-21,53.38978796581853,53.64762456176544,53.13195136987162,53.300880432128906,2107400,0.0,0
2020-01-22,54.118836952955704,54.33221976769692,53.620949371234175,53.78987503051758,2038900,0.0,0
2020-01-23,52.12728072275937,52.42067828242567,51.41601031429051,52.376224517822266,2689200,0.0,0
2020-01-24,51.8605588340005,51.99392013832947,51.060377441606235,51.35377502441406,1736400,0.0,0
2020-01-27,49.13105032014585,49.38888691092458,48.882106517520846,48.98879623413086,2357400,0.0,0
2020-01-28,49.13105265818553,49.55781832814431,49.095491678693215,49.35332489013672,1479400,0.0,0
2020-01-29,49.522252549697555,49.620052871633554,48.988797173211644,49.122161865234375,1067500,0.0,0
2020-01-30,48.57093069608056,49.131054297329115,48.31309408442983,49.09549331665039,1367600,0.0,0
2020-01-31,48.04636546819857,48.081929838552554,47.31731283396711,47.50402069091797,3023700,0.0,0
2020-02-03,47.263967488366575,47.62849381481397,47.13060279192761,47.246185302734375,1325100,0.0,0
2020-02-04,48.66872849378352,48.92656170042435,48.52647440364874,48.87321853637695,1809700,0.0,0
2020-02-05,49.59337835963423,49.67339649727128,49.0954907402082,49.50447082519531,1602400,0.0,0
2020-02-06,49.51335876127816,49.60226968469912,49.09548929181695,49.23774337768555,1229300,0.0,0
2020-02-07,48.393107207737394,48.57981505545801,47.735179955134676,47.77074432373047,1305900,0.0,0
2020-02-10,47.601821013588896,47.66405696590585,47.19284092933321,47.50402069091797,1190600,0.0,0
2020-02-11,48.28642107755089,48.32198205718129,47.655165358738465,47.877437591552734,1528100,0.0,0
2020-02-12,49.282198922659,49.353324272358414,48.86432604650783,49.148834228515625,1620700,0.0,0
2020-02-13,48.722069622650785,48.96212402565181,48.52647237663894,48.784305572509766,1053700,0.0,0
2020-02-14,48.81986762453037,48.84653920417416,48.2953050780391,48.45534133911133,1369200,0.0,0
2020-02-18,48.25974821013792,48.43756668247317,48.126386899590436,48.384220123291016,796700,0.0,0
2020-02-19,48.41978099712551,48.52647410777986,48.2241837441359,48.31309127807617,904800,0.0,0
2020-02-20,48.428672842044726,48.686506042090684,48.09970751134323,48.179725646972656,1242200,0.0,0
2020-02-21,48.27753022355596,48.64205656431476,47.99302202548105,48.56203842163086,2570100,0.0,0
2020-02-24,45.44133350720379,45.779188233541255,45.25462565512451,45.54802322387695,2846500,0.0,0
2020-02-25,45.88587902665996,45.912550608552706,44.596699433365025,44.836753845214844,2730600,0.0,0
2020-02-26,44.89899055941066,45.04124465126143,44.08991977608351,44.19660949707031,2398100,0.0,0
2020-02-27,42.53401426844812,42.96966933360269,41.79606883340806,42.018341064453125,4810000,0.0,0
2020-02-28,40.16014293141627,41.85830594180525,39.680037515631774,41.72494125366211,7003300,0.0,0
2020-03-02,41.982779414485606,43.46755626617884,41.65381407583804,43.36086654663086,6370300,0.0,0
2020-03-03,44.06324834053315,45.03235540437159,42.907430024839435,43.35197448730469,6984400,0.0,0
2020-03-04,45.06791317478436,45.805858557903285,44.543350610761514,45.770294189453125,3222800,0.0,0
2020-03-05,43.894319829456215,44.570029320250335,43.60981164120768,43.80541229248047,4025300,0.0,0
2020-03-06,43.068481184526796,43.52556649763881,42.60206919738602,43.05915451049805,4163800,2.31,0
2020-03-09,39.533078827407486,40.70843540390954,38.628238483984546,39.00136947631836,6536000,0.0,0
2020-03-10,41.95841992847857,42.85393004691322,40.61515475082659,42.72333526611328,5030100,0.0,0
2020-03-11,41.18417674850982,41.61327488994409,38.936071284198036,39.84090805053711,5598100,0.0,0
2020-03-12,36.501401309274634,37.2010192554715,34.64508012631829,36.24953842163086,6720900,0.0,0
2020-03-13,39.299874664717024,40.95097351074219,37.35959910833456,40.95097351074219,4905700,0.0,0
2020-03-16,36.473416711331254,39.29054559785359,36.21222713193221,37.55549240112305,3482600,0.0,0
2020-03-17,37.76071119703304,39.82225117030818,37.3969104439187,38.98271179199219,2965500,0.0,0
2020-03-18,35.89506367755735,37.05176689321069,34.402546842947395,35.47529220581055,3420800,0.0,0
2020-03-19,35.20477718493406,36.11894422233121,33.41375336345567,35.409996032714844,3744400,0.0,0
2020-03-20,35.94170293779904,36.83721656651815,33.992100887340854,34.11336898803711,3702000,0.0,0
2020-03-23,33.67493873761618,34.71037375513014,32.97532086723545,33.97344207763672,4318800,0.0,0
2020-03-24,37.11706283141583,39.59837419598591,36.48274231189199,39.337181091308594,4076500,0.0,0
2020-03-25,39.78493884351843,42.92855423885211,39.495762167397885,41.212158203125,4558700,0.0,0
2020-03-26,42.182299688662454,43.0031821934573,41.305442908010285,42.3502082824707,3325500,0.0,0
2020-03-27,40.111429523007864,41.60394640746434,39.63569087810016,40.64313888549805,2730500,0.0,0
2020-03-30,42.25692439937419,42.891244972692355,41.016270391094345,41.893123626708984,3321100,0.0,0
2020-03-31,42.45281427107328,43.50690627810622,42.00505922452744,42.49945831298828,3434400,0.0,0
2020-04-01,42.03304755486439,42.555426678113406,41.025596002699764,41.20283126831055,3913100,0.0,0
2020-04-02,42.378191569240016,43.60019220275023,41.790511494970424,42.919227600097656,2874700,0.0,0
2020-04-03,43.1990758104309,43.43228178392146,41.60394424734046,42.01438903808594,3410800,0.0,0
2020-04-06,43.26437221958467,43.62817296064935,42.6953490877899,43.22705841064453,3474500,0.0,0
2020-04-07,43.98264702815344,44.01995727865244,42.63937837385047,42.65803527832031,3004400,0.0,0
2020-04-08,42.53676967090439,43.199077363848836,42.01439054890311,42.9099006652832,1916600,0.0,0
2020-04-09,43.71213083445921,44.831520285330726,43.656160116461294,44.45838928222656,3412600,0.0,0
2020-04-13,44.95278499637843,44.95278499637843,43.99197746386685,44.65428161621094,1557800,0.0,0
2020-04-14,45.16733109211976,45.661730174067046,44.53301412003402,44.76622009277344,3106300,0.0,0
2020-04-15,42.947215255510855,43.25504530678294,42.72333594313401,42.928558349609375,3019600,0.0,0
2020-04-16,43.32034431230054,43.46026933255468,42.69535395429848,43.348331451416016,2940100,0.0,0
2020-04-17,44.87815998510291,44.915473796448,44.05727392771551,44.43973159790039,2250700,0.0,0
2020-04-20,43.75877009878246,44.58898282115217,43.23638742070629,43.28303146362305,2552600,0.0,0
2020-04-21,42.16364063880633,42.60206544839727,41.370738195377925,41.63193130493164,2617900,0.0,0
2020-04-22,43.096465627104735,43.422952574299735,42.63938034259089,43.180419921875,2239700,0.0,0
2020-04-23,43.292356057912436,44.32779113237559,42.853927696325876,42.94721221923828,1471900,0.0,0
2020-04-24,43.833397542118966,43.898694931807356,42.8819167172356,43.376312255859375,2377500,0.0,0
2020-04-27,43.48824942350548,43.86138040861384,43.24571677409361,43.7401123046875,1403300,0.0,0
2020-04-28,44.169213067404556,44.430406195854445,43.60952011497381,43.80541229248047,1502700,0.0,0
2020-04-29,44.99009804713157,45.87628149882467,44.92480065622753,45.58710479736328,2338600,0.0,0
2020-04-30,43.2550439041691,43.85205063989385,42.78863194707903,43.087135314941406,2416200,0.0,0
2020-05-01,41.5573037643305,42.29423549458647,41.52932018621267,42.01438903808594,2865500,0.0,0
2020-05-04,41.48268116285801,41.958419799804695,41.14686397986464,41.95841979980469,2329900,0.0,0
2020-05-05,41.921105410483406,42.39684759930899,41.2401443803354,41.27745819091797,1972800,0.0,0
2020-05-06,42.16364363715574,42.238267703448656,41.38007136965454,41.51999282836914,1485900,0.0,0
2020-05-07,42.574083579707505,43.1990774629598,42.527443094913366,42.72333526611328,1781900,0.0,0
2020-05-08,43.730787965552835,43.842725843683866,43.19907859637918,43.796085357666016,1615200,0.0,0
2020-05-11,42.07036082939391,42.72333833879698,42.051707480887416,42.41550827026367,1721600,0.0,0
2020-05-12,43.19907786318203,43.376313130418126,41.94909364353772,41.967750549316406,1521100,0.0,0
2020-05-13,42.84460433379443,42.84460433379443,42.10767255882794,42.648712158203125,2890100,0.0,0
2020-05-14,41.73454596871518,43.5442231888347,41.57596404348207,43.43228530883789,3766000,0.0,0
2020-05-15,44.40241596766736,45.05539340569439,44.00130140824107,44.393089294433594,3319100,0.0,0
2020-05-18,47.67663191111805,48.50684464433399,47.46208283297333,47.96580505371094,2931000,0.0,0
2020-05-19,48.4415470538799,48.935942598939235,48.22699797661942,48.33893585205078,2150200,0.0,0
2020-05-20,49.094522917730124,49.393026281446225,48.50684286359621,48.870643615722656,1999200,0.0,0
2020-05-21,48.77736423861488,49.085194285661345,48.0031186673158,48.33893585205078,1962800,0.0,0
2020-05-22,48.040432205501816,48.76803372933067,47.81655289747093,48.61878204345703,1508800,0.0,0
2020-05-26,48.31095019994529,48.609453560581755,47.74192705671929,48.003116607666016,2344900,0.0,0
2020-05-27,48.98257966150061,49.066533951818606,48.33893247468973,48.82400131225586,2208400,0.0,0
2020-05-28,49.3090725968088,49.59824573235619,48.879974450974004,48.982582092285156,2259000,0.0,0
2020-05-29,49.70085627962608,50.44711824677401,49.5049641145481,50.2978630065918,2739100,0.0,0
2020-06-01,50.58704095713476,51.3239727109112,50.48442975617338,51.18404769897461,1715300,0.0,0
2020-06-02,51.73441261865017,52.37806338678697,51.613148073777516,52.00493240356445,3110600,0.0,0
2020-06-03,52.322095062372725,53.16163803376179,52.247467438942174,52.73253631591797,1850900,0.0,0
2020-06-04,52.43403000347371,52.872458370479755,52.144856874972476,52.84447479248047,2416000,0.0,0
2020-06-05,53.67468740092062,53.907893373056936,52.53664111819435,52.751190185546875,3684200,0.0,0
2020-06-08,54.28102449225564,54.46758999436589,53.61872034028321,54.3649787902832,2492700,0.0,0
2020-06-09,52.984395373184014,54.01050377045546,52.741862731467165,53.87057876586914,2212100,0.0,0
2020-06-10,54.41162229332274,54.95265832977483,54.01050771323059,54.635498046875,2239200,0.0,0
2020-06-11,53.00305378603254,53.18961927797662,51.68777222756591,51.81836700439453,2898900,0.0,0
2020-06-12,54.00117563383815,54.178414454315174,52.909773366112745,53.63737487792969,3307700,0.0,0
2020-06-15,51.85568128028675,53.53476360598496,51.622475302871976,53.25491714477539,2710200,0.0,0
2020-06-16,54.2903504838986,54.5235564537105,53.031036111849915,53.59073257446289,2533100,0.0,0
2020-06-17,53.83326548022802,54.113111933680685,53.432150925517604,53.600059509277344,1683200,0.0,0
2020-06-18,52.200827410318205,52.45269030393893,51.98627832873929,52.35940933227539,2362500,0.0,0
2020-06-19,51.967621859521806,52.26612524148331,51.1840495922626,51.323974609375,2479800,0.0,0
2020-06-22,52.33142167692712,52.61127170603444,52.1168725974682,52.35007858276367,1887400,0.0,0
2020-06-23,53.236261377562364,53.92655265117991,53.02171230076741,53.096336364746094,2283800,0.0,0
2020-06-24,52.629925963561526,52.71388026205736,51.82770034936257,51.89299774169922,2027800,0.0,0
2020-06-25,52.40604651281258,52.975069656017915,52.19149744476545,52.94708251953125,1686500,0.0,0
2020-06-26,52.90044434302757,52.90977457507683,52.00493422210768,52.05157470703125,1722600,0.0,0
2020-06-29,52.256793103123535,52.35007406581674,51.67844330585627,51.85567855834961,1296900,0.0,0
2020-06-30,51.59449201148736,52.63925379975785,51.55717820086749,52.40604782104492,1786600,0.0,0
2020-07-01,52.13552812704719,52.424704822218715,51.61314901117714,52.219482421875,2369900,0.0,0
2020-07-02,52.9004437015291,53.32021517763272,52.378064583214254,52.50865936279297,1869500,0.0,0
2020-07-06,52.77917714266077,53.1709614664674,52.46201687929509,53.12432098388672,2120000,0.0,0
2020-07-07,52.611270793890974,53.674689499050835,52.58328365640091,53.08700942993164,2802100,0.0,0
2020-07-08,53.60939067327854,54.420946469939,53.55341995823821,54.38363265991211,1983400,0.0,0
2020-07-09,54.84072049575494,55.083253155365796,53.917223225919265,54.06647491455078,2337300,0.0,0
2020-07-10,54.40228929008769,54.989969340499464,53.991848057187816,54.943328857421875,1501900,0.0,0
2020-07-13,56.19331497994271,56.58509932159188,54.7194514658738,54.80340576171875,3181500,0.0,0
2020-07-14,55.39108394715589,56.80897669625037,55.36309681053298,56.75300598144531,3333900,0.0,0
2020-07-15,57.42464137810135,57.47128186207356,56.40786317036738,56.78099060058594,2249400,0.0,0
2020-07-16,56.780990846120375,57.21009255246646,56.56644177216776,57.070167541503906,2440000,0.0,0
2020-07-17,57.52724750553159,58.04030349104647,57.377995825683826,57.975006103515625,1995200,0.0,0
2020-07-20,57.77911261890694,58.57201509002174,57.76045571339874,58.22686767578125,1782800,0.0,0
2020-07-21,57.29404441139461,57.74180303187071,57.18210653549604,57.191436767578125,2048100,0.0,0
2020-07-22,57.070165719233174,57.40598288806785,56.93957094433985,57.31269836425781,1193900,0.0,0
2020-07-23,57.08882481806014,57.266060082449705,56.314579253663936,56.603755950927734,1267700,0.0,0
2020-07-24,56.24928142908201,56.9115855554865,56.13734355551357,56.68770980834961,1302100,0.0,0
2020-07-27,57.45262378224289,58.44141839106691,57.30337210151858,58.366790771484375,2036300,0.0,0
2020-07-28,57.22874572307069,57.7138145855547,57.10748117628032,57.163448333740234,1927500,0.0,0
2020-07-29,58.28284062414431,58.711938791941975,57.76978815756529,58.46940612792969,1626400,0.0,0
2020-07-30,56.6130808824396,57.126136871224055,56.090701778863796,56.939571380615234,1733600,0.0,0
2020-07-31,56.631737787344555,56.96755495875229,56.19331297662069,56.939571380615234,3109800,0.0,0
2020-08-03,58.20821444011425,58.572015202118315,57.68583176020737,57.751129150390625,2189000,0.0,0
2020-08-04,57.69515661522552,58.08694450241686,57.48993777759269,57.70448684692383,3299200,0.0,0
2020-08-05,59.75669599928772,60.820114662460256,59.61677455112545,60.26042175292969,3357200,0.0,0
2020-08-06,59.495817666262724,59.98325167667299,59.142188927497614,59.69652557373047,2424900,1.55,0
2020-08-07,58.6834288552294,58.71210037293075,57.765900183662396,58.25333786010742,2051800,0.0,0
2020-08-10,58.750330924081986,59.371570225748954,58.59741008795716,58.88413619995117,1609000,0.0,0
2020-08-11,59.6582941130356,59.74431230801815,58.53050526737139,58.63563537597656,2063700,0.0,0
2020-08-12,59.725201689117426,60.51847737477957,59.40024446168564,59.562721252441406,3013900,0.0,0
2020-08-13,59.26643514320639,59.70608572742313,58.81723224795572,59.06572723388672,1566700,0.0,0
2020-08-14,58.97971046778538,59.094403829537974,58.55917907912022,58.865020751953125,853500,0.0,0
2020-08-17,60.164847670408754,60.44201781648528,59.495817666262724,59.69652557373047,1750900,0.0,0
2020-08-18,60.75741579998856,60.89122107243544,60.23175066712424,60.76697540283203,1816600,0.0,0
2020-08-19,60.833879246819585,60.93900935874346,59.38112948898792,59.47670364379883,1283100,0.0,0
2020-08-20,58.415814223092376,59.448032603753674,58.37758674841333,59.4098014831543,1892600,0.0,0
2020-08-21,58.35847149924256,58.922367770368595,58.26289369723455,58.807674407958984,1639500,0.0,0
2020-08-24,59.486262145684584,59.49581810262066,58.826788093567785,59.084842681884766,1079400,0.0,0
2020-08-25,58.49227630481025,58.62608158062292,57.785015159331394,58.33935546875,1194700,0.0,0
2020-08-26,58.377585530857715,59.15174565428704,58.17687397485729,59.027496337890625,1265000,0.0,0
2020-08-27,59.7443132777763,59.7443132777763,58.12908675235289,58.5018310546875,1214000,0.0,0
2020-08-28,58.83635042934398,59.51493642685293,58.70254150458186,59.23776626586914,2143900,0.0,0
2020-08-31,59.23776358916516,59.28555066574642,58.482715383052444,58.52094650268555,1233300,0.0,0
2020-09-01,59.046612766682166,59.753873909745934,58.56873469988565,59.45758819580078,2378100,0.0,0
2020-09-02,59.97369667672044,60.0023681936961,59.123074311186706,59.562721252441406,1403600,0.0,0
2020-09-03,58.47315827091862,58.540060905994714,56.8483721778131,57.58430480957031,2695100,0.0,0
2020-09-04,58.26289394800693,59.123075940179625,57.440943076802,58.77900314331055,2044000,0.0,0
2020-09-08,57.81369135468916,58.90325278680813,57.48873411652032,58.176876068115234,1321700,0.0,0
2020-09-09,59.295109493181414,59.76342794184165,59.18997573852539,59.18997573852539,1808200,0.0,0
2020-09-10,59.543607544693266,59.72520354697536,58.01439915975157,58.19599151611328,2100300,0.0,0
2020-09-11,59.94502583425532,61.483793791881475,59.73475831828047,61.111045837402344,3796500,0.0,0
2020-09-14,61.90432215826338,61.913881761406394,61.03458786010742,61.03458786010742,1788000,0.0,0
2020-09-15,63.57689256669206,63.605571374839364,62.34397361445143,62.53512191772461,3486600,0.0,0
2020-09-16,62.88875419516575,63.06079058456151,61.770514018173124,61.971221923828125,3231000,0.0,0
2020-09-17,61.06325754056676,62.09547589373614,61.005914507115286,61.856536865234375,2169700,0.0,0
2020-09-18,62.62113925851616,62.68804189682856,61.56025664865965,61.56980895996094,1627300,0.0,0
2020-09-21,59.51493507613908,59.667855912190504,58.12908794859286,58.874576568603516,2611000,0.0,0
2020-09-22,58.61652693788349,58.86502193483356,57.87103465519248,58.69298553466797,1883500,0.0,0
2020-09-23,58.56873535886668,58.71210023888681,57.622538817678915,57.7276725769043,1979100,0.0,0
2020-09-24,58.16731809463543,59.16130533527804,57.78501418795126,58.463600158691406,1869900,0.0,0
2020-09-25,57.24979472781647,57.74678471640343,56.752801093309145,57.6894416809082,2219800,0.0,0
2020-09-28,58.12908781408297,58.39669836507364,57.5460759886359,57.813690185546875,3094400,0.0,0
2020-09-29,57.832800014428024,58.071739039459565,57.40271268610741,57.54607391357422,2619900,0.0,0
2020-09-30,57.842362265118716,58.071741697934485,57.412271271188715,57.71811294555664,2283300,0.0,0
2020-10-01,57.88059336477342,58.033514201901575,56.905721660861275,57.17333221435547,1692100,0.0,0
2020-10-02,56.69545361219815,58.31068016712374,56.61899501730952,57.813690185546875,2398600,0.0,0
2020-10-05,57.957050248818106,58.63563621566462,57.928378732053396,58.52094650268555,1289100,0.0,0
2020-10-06,58.29156636152205,58.377584556681015,56.867488162983626,56.97262191772461,2844200,0.0,0
2020-10-07,58.08129981501044,59.10395857112232,58.0621842551115,58.49227523803711,1983400,0.0,0
2020-10-08,58.76944707359781,58.874577187177465,58.24377827609772,58.798118591308594,1387100,0.0,0
2020-10-09,60.174406149674375,60.34644254783538,59.30466820160279,59.342899322509766,4041200,0.0,0
2020-10-12,59.103959054701036,59.19953320905748,58.78855778266827,58.960594177246094,2086500,0.0,0
2020-10-13,58.34891117323364,58.55917868912604,57.88059270991732,58.36802673339844,1681500,0.0,0
2020-10-14,58.626081806373286,58.74077152238003,58.17687525362641,58.301124572753906,1365100,0.0,0
2020-10-15,56.86748951147241,58.04306910924115,56.8388179943796,57.87103271484375,1441400,0.0,0
2020-10-16,57.70855541320053,57.94749444264878,57.34536706758151,57.39315414428711,1206700,0.0,0
2020-10-19,57.249794548233666,57.72767262077011,56.475630758193304,56.60943603515625,1867500,0.0,0
2020-10-20,56.609433827792216,57.28801978931307,56.55208714879263,56.94395065307617,1367000,0.0,0
2020-10-21,57.05863993509863,58.31067809349779,57.03952437557618,57.555633544921875,1978200,0.0,0
2020-10-22,57.13510064496186,57.45050191989231,56.456514663404015,57.249794006347656,1113100,0.0,0
2020-10-23,57.04908048149273,57.374037702383454,56.79102589614538,56.96306228637695,1312100,0.0,0
2020-10-26,56.38961118101669,56.40872674096136,55.35739281952584,55.70146560668945,1816700,0.0,0
2020-10-27,55.06110921861708,55.7205796116636,54.86040131367946,55.38606643676758,2190300,0.0,0
2020-10-28,53.14959831517855,53.50322705804643,52.9393308024851,52.96800231933594,3917700,0.0,0
2020-10-29,53.32163436538189,54.26783087457994,52.93933046220031,54.143585205078125,2861400,0.0,0
2020-10-30,53.933316859467475,54.31562075673538,53.570128521654986,54.25827407836914,2324000,0.0,0
2020-11-02,55.22358954186971,55.33828290568331,54.52588798531211,54.86996078491211,2180100,0.0,0
2020-11-03,56.78147133375599,56.78147133375599,56.122000918953184,56.21757507324219,2032100,0.0,0
2020-11-04,54.94642170675936,55.3382815755694,54.44942807994072,55.051551818847656,2445500,0.0,0
2020-11-05,56.303593495053626,56.982179472605026,56.122001142812074,56.179344177246094,1827200,0.0,0
2020-11-06,57.87103098554209,58.492273907404325,57.44094001240055,58.13864517211914,2086100,0.0,0
2020-11-09,60.31777078006503,60.41334493601589,57.574751669967576,58.83634948730469,3005600,0.0,0
2020-11-10,60.2126369224499,60.87210734764065,59.85900817090591,59.93546676635742,3277900,0.0,0
2020-11-11,60.19351973258738,60.48980544100197,59.84944694756921,60.183963775634766,1846900,0.0,0
2020-11-12,59.40024625730884,60.21263752748614,59.08484497736118,59.31422805786133,1301400,0.0,0
2020-11-13,59.28554979527629,60.05015759303092,59.28554979527629,59.74431228637695,1090800,0.0,0
2020-11-16,60.28909988722306,60.585381961293216,59.97369860666019,60.37511444091797,1452200,0.0,0
2020-11-17,60.059716219226374,60.728746249037,59.629625225353806,60.46113204956055,1864600,0.0,0
2020-11-18,60.78608665696651,61.111043877633726,60.24130597024798,60.29865264892578,1489100,0.0,0
2020-11-19,60.050157555429394,60.317768096923835,59.45758614794858,60.31776809692383,1051400,0.0,0
2020-11-20,60.786087511926624,61.053701703600225,60.44201837278097,60.71918487548828,1251200,0.0,0
2020-11-23,61.436001135427006,62.59246514506028,61.38821770538024,62.48733139038086,1760000,0.0,0
2020-11-24,63.39530827970944,64.90540477295757,63.34751755464378,64.65690612792969,2075500,0.0,0
2020-11-25,62.47778081998098,63.80628125684081,62.46822121696916,63.34751510620117,2918600,0.0,0
2020-11-27,62.25795538933061,63.18504002691088,62.22928387135857,63.1276969909668,1541500,0.0,0
2020-11-30,62.94610044562594,63.22327060336867,61.86609862422071,62.09547805786133,2372500,0.0,0
2020-12-01,63.328406580656974,64.65690708860352,63.328406580656974,64.52310180664062,3138400,0.0,0
2020-12-02,66.60664799014519,67.62930677226592,65.57442960487172,67.08452606201172,4145700,0.0,0
2020-12-03,68.9386873794002,69.90400311728233,68.33656363952714,69.35922241210938,2748000,0.0,0
2020-12-04,69.87533023574532,70.78329562936035,69.87533023574532,70.64949035644531,2017700,0.0,0
2020-12-07,69.97090316482557,70.31497594397042,69.25408609024717,69.74152374267578,1504300,0.0,0
2020-12-08,69.158512381433,70.0855969705175,69.05337862647453,69.6650619506836,1675100,0.0,0
2020-12-09,69.34011167908388,69.49302887150277,68.41302704582178,69.18718719482422,2028300,0.0,0
2020-12-10,69.43568313360073,70.90754842403602,69.3496612915922,70.70684051513672,1999100,0.0,0
2020-12-11,70.2002827069097,70.92665938543877,70.1047085551707,70.84064483642578,2875000,0.0,0
2020-12-14,71.68171332880569,71.96844309885729,70.8884339512584,71.09870147705078,2650500,0.0,0
2020-12-15,71.90153627706258,73.07711222386506,71.61480652368412,72.81906127929688,3011700,0.0,0
2020-12-16,72.50366188447565,72.83817507751002,71.7677255679593,72.5418930053711,1264100,0.0,0
2020-12-17,73.56454698813174,74.20490181468308,73.06754974077828,73.2109146118164,1638200,0.0,0
2020-12-18,73.34471990913116,73.70791188814923,72.9433041035388,73.22047424316406,1308400,0.0,0
2020-12-21,70.91710060978846,72.93374658991424,70.91710060978846,72.90507507324219,2955500,0.0,0
2020-12-22,72.21692850177797,72.25515962075602,71.46188030860226,71.95887756347656,1375600,0.0,0
2020-12-23,72.62790584654573,73.08667199463665,72.09268475030677,72.76171112060547,1210700,0.0,0
2020-12-24,73.60278268366955,73.64101380444654,72.1882603822835,72.58012390136719,378200,0.0,0
2020-12-28,73.21092124321478,73.38295764567543,71.95888299254285,72.24560546875,762700,0.0,0
2020-12-29,73.72702684789977,73.83216060492393,72.53233169248028,72.76171112060547,1524000,0.0,0
2020-12-30,72.98153919502231,73.01021071243402,72.27428169545115,72.6279067993164,1198200,0.0,0
2020-12-31,71.92064691929475,72.09268330991154,71.50011189960031,71.89197540283203,1006400,0.0,0
2021-01-04,75.48562128795545,75.83924638427493,73.9659652709961,73.9659652709961,2593800,0.0,0
2021-01-05,74.36738406386098,76.01128581664047,73.99463974687504,75.75323486328125,2265400,0.0,0
2021-01-06,78.6300550550994,79.80563832506417,78.18085579087101,79.13661193847656,2771800,0.0,0
2021-01-07,81.17237168540281,82.35750729267151,80.69449360113501,82.17591857910156,2888300,0.0,0
2021-01-08,81.71714770838305,83.05520772571883,81.19147892919528,82.85449981689453,2835900,0.0,0
2021-01-11,79.28953005835878,80.59891862096643,79.2512989369862,80.07324981689453,3097600,0.0,0
2021-01-12,79.06970856139925,80.37908980461272,78.9932463202631,80.30262756347656,1685600,0.0,0
2021-01-13,79.08882043647488,79.27996874737966,77.98013981607342,78.14262390136719,2024300,0.0,0
2021-01-14,79.74829669062245,81.26794549192907,79.65271524071014,81.08634948730469,1599000,0.0,0
2021-01-15,78.05660294853504,78.28598967444901,76.38402968757619,76.90969848632812,2044900,0.0,0
2021-01-19,77.68385864130839,78.37200423543601,77.09129449557463,77.98970031738281,1557300,0.0,0
2021-01-20,79.08882188971835,79.40422317116324,78.44846701539625,79.02191925048828,1420600,0.0,0
2021-01-21,79.50935113275237,79.58580607783861,77.81765877699495,78.74474334716797,1410300,0.0,0
2021-01-22,76.68032050123843,77.92279914346753,76.47960528931071,77.79855346679688,1287700,0.0,0
2021-01-25,77.26331927685455,77.57872053847947,76.57518101309152,77.50225830078125,1213500,0.0,0
2021-01-26,78.10438908338067,78.29553738523654,77.49270576723353,77.54048919677734,1435000,0.0,0
2021-01-27,74.96951129087374,76.41269776086341,74.03286709854842,75.20845031738281,2437100,0.0,0
2021-01-28,75.17977997661323,75.69588186512443,74.50118671389558,75.03641510009766,1764000,0.0,0
2021-01-29,74.05198581874096,74.69234065554649,72.80949997230128,73.03887939453125,1993800,0.0,0
2021-02-01,75.15110139215824,75.30402587205545,74.2813671112246,74.99818420410156,1745800,0.0,0
2021-02-02,73.83216260934805,73.98508709347685,73.08667397882196,73.59322357177734,1755000,0.0,0
2021-02-03,73.92773320185472,74.37693973752532,73.5932200237512,74.09976959228516,1813600,0.0,0
2021-02-04,74.13800068286544,74.38649931157805,73.44985512140924,74.0902099609375,1174900,0.0,0
2021-02-05,74.54897768742445,75.00774383544922,73.67923611432104,75.00774383544922,1501700,0.0,0
2021-02-08,75.6098707040483,76.89058046349875,75.55252766760749,76.73766326904297,2714200,0.0,0
2021-02-09,76.30756888754473,78.20952891035779,75.98261529078724,77.79855346679688,3370400,0.0,0
2021-02-10,79.43289204129097,80.09236610017604,77.71252810152143,79.38510131835938,2941400,0.0,0
2021-02-11,78.3719997507558,79.10792873512754,77.8654501873539,78.63961029052734,1812300,0.0,0
2021-02-12,78.35289409950062,80.09237003888072,78.22864113050431,79.95856475830078,1534600,0.0,0
2021-02-16,82.94051554958546,84.51751461779295,82.66334539768371,83.7529067993164,2509800,0.0,0
2021-02-17,85.5879648801,85.62618870871334,82.92140438612005,83.6668930053711,2447100,0.0,0
2021-02-18,84.74689094268001,84.87114390143991,82.96918402789642,84.19255065917969,1776000,0.0,0
2021-02-19,85.28212211234415,86.51504109489773,85.1865406665172,86.00849151611328,2002400,0.0,0
2021-02-22,85.32034367195988,87.35610882776186,85.16742648801551,86.3716812133789,2945100,0.0,0
2021-02-23,85.511498328494,86.64885040618312,83.81980596992781,86.50548553466797,2484100,0.0,0
2021-02-24,86.43859003270191,87.7479713140447,85.7791159444198,87.65239715576172,1741900,0.0,0
2021-02-25,88.09203918289283,88.74195363138966,85.79822305338399,86.14229583740234,2359900,0.0,0
2021-02-26,85.42548177121088,85.65486849655555,83.16989668154001,83.53308868408203,3708100,0.0,0
2021-03-01,84.30724824237375,85.99894069376495,84.29768863925746,85.826904296875,2275800,0.0,0
2021-03-02,86.5628304652285,87.82442823692146,86.38123447120347,87.29875946044922,2711900,0.0,0
2021-03-03,86.486371568372,87.35611316089867,85.42548166347322,86.84000396728516,2141400,0.0,0
2021-03-04,85.0,85.3499984741211,81.1500015258789,81.9000015258789,4303300,4.02,0
2021-03-05,84.0,84.4000015258789,81.38999938964844,83.63999938964844,3643500,0.0,0
2021-03-08,82.93000030517578,84.55999755859375,82.48999786376953,83.4000015258789,2443700,0.0,0
2021-03-09,82.16999816894531,82.5199966430664,80.2699966430664,81.91999816894531,4546300,0.0,0
2021-03-10,79.98999786376953,80.37000274658203,78.95999908447266,80.20999908447266,2984000,0.0,0
2021-03-11,81.88999938964844,82.5,81.19999694824219,82.5,2729600,0.0,0
2021-03-12,80.70999908447266,81.5,80.22000122070312,81.2699966430664,1780100,0.0,0
2021-03-15,79.25,79.80000305175781,78.06999969482422,79.58000183105469,3898400,0.0,0
2021-03-16,79.16000366210938,79.41000366210938,78.16999816894531,78.80000305175781,2260000,0.0,0
2021-03-17,77.58999633789062,78.93000030517578,76.73999786376953,78.72000122070312,3811000,0.0,0
2021-03-18,77.87000274658203,78.87000274658203,77.54000091552734,77.55999755859375,3130700,0.0,0
2021-03-19,76.91000366210938,77.20999908447266,75.94999694824219,76.55000305175781,2763100,0.0,0
2021-03-22,76.05999755859375,76.31999969482422,75.27999877929688,76.08000183105469,2168800,0.0,0
2021-03-23,75.11000061035156,75.77999877929688,74.02999877929688,74.30000305175781,2734700,0.0,0
2021-03-24,74.66999816894531,75.79000091552734,74.63999938964844,74.75,2680500,0.0,0
2021-03-25,74.2300033569336,75.37000274658203,73.61000061035156,75.05999755859375,2277800,0.0,0
2021-03-26,76.86000061035156,78.11000061035156,76.56999969482422,78.05000305175781,2468800,0.0,0
2021-03-29,77.3499984741211,77.56999969482422,76.47000122070312,76.95999908447266,2223900,0.0,0
2021-03-30,77.0199966430664,77.87999725341797,76.6500015258789,77.87999725341797,1967000,0.0,0
2021-03-31,78.08999633789062,78.48999786376953,77.23999786376953,77.6500015258789,2234100,0.0,0
2021-04-01,77.41000366210938,78.0,76.5199966430664,77.9800033569336,1835400,0.0,0
2021-04-05,79.43000030517578,80.44999694824219,78.83000183105469,79.87000274658203,2361700,0.0,0
2021-04-06,79.37000274658203,79.93000030517578,78.58999633789062,78.77999877929688,2297800,0.0,0
2021-04-07,79.9000015258789,80.95999908447266,79.87000274658203,80.0199966430664,2070400,0.0,0
2021-04-08,80.1500015258789,80.55999755859375,79.41000366210938,80.19999694824219,1937200,0.0,0
2021-04-09,79.01000213623047,79.4000015258789,78.51000213623047,79.4000015258789,2446600,0.0,0
2021-04-12,79.43000030517578,79.5,78.51000213623047,78.94999694824219,1782100,0.0,0
2021-04-13,79.37999725341797,79.6500015258789,78.69000244140625,79.5,2094000,0.0,0
2021-04-14,80.0,82.23999786376953,79.94999694824219,81.72000122070312,2856400,0.0,0
2021-04-15,83.25,84.0999984741211,82.97000122070312,83.77999877929688,2214300,0.0,0
2021-04-16,84.8499984741211,85.16000366210938,83.7699966430664,84.79000091552734,2468000,0.0,0
2021-04-19,85.37999725341797,86.81999969482422,85.37999725341797,86.30000305175781,3597000,0.0,0
2021-04-20,85.70999908447266,86.01000213623047,84.16999816894531,84.72000122070312,3168200,0.0,0
2021-04-21,83.93000030517578,86.23999786376953,83.58000183105469,86.0,3107400,0.0,0
2021-04-22,84.54000091552734,84.70999908447266,83.5,84.01000213623047,3830100,0.0,0
2021-04-23,85.13999938964844,86.69999694824219,85.05999755859375,86.44000244140625,2001700,0.0,0
2021-04-26,87.33000183105469,88.29000091552734,87.19999694824219,88.25,2070000,0.0,0
2021-04-27,87.0,87.7300033569336,86.55999755859375,86.91999816894531,2069200,0.0,0
2021-04-28,86.81999969482422,88.12999725341797,86.62999725341797,87.56999969482422,2202300,0.0,0
2021-04-29,88.0,88.06999969482422,86.66000366210938,87.52999877929688,2117300,0.0,0
2021-04-30,86.47000122070312,86.79000091552734,84.94000244140625,85.05999755859375,2217600,0.0,0
2021-05-03,86.02999877929688,87.37000274658203,85.87999725341797,86.94999694824219,2051600,0.0,0
2021-05-04,86.75,87.33000183105469,85.5999984741211,87.16000366210938,3152600,0.0,0
2021-05-05,88.47000122070312,90.95999908447266,88.31999969482422,90.37999725341797,3730100,0.0,0
2021-05-06,90.54000091552734,91.58999633789062,90.01000213623047,91.36000061035156,3387400,0.0,0
2021-05-07,92.08000183105469,93.3499984741211,91.41000366210938,93.16999816894531,3279600,0.0,0
2021-05-10,95.2300033569336,95.97000122070312,93.6500015258789,93.80999755859375,4335700,0.0,0
2021-05-11,92.37999725341797,94.79000091552734,91.45999908447266,94.6500015258789,4078500,0.0,0
2021-05-12,93.5199966430664,94.61000061035156,92.37000274658203,92.75,3048300,0.0,0
2021-05-13,90.0199966430664,91.48999786376953,88.69999694824219,90.0199966430664,3803400,0.0,0
2021-05-14,88.13999938964844,88.69999694824219,87.25,88.2300033569336,3252700,0.0,0
2021-05-17,88.5,90.66999816894531,88.5,90.62999725341797,2422900,0.0,0
2021-05-18,90.7699966430664,90.87000274658203,89.33999633789062,89.44000244140625,2302900,0.0,0
2021-05-19,87.2699966430664,87.72000122070312,85.56999969482422,86.18000030517578,3485800,0.0,0
2021-05-20,86.26000213623047,86.87999725341797,85.44999694824219,86.58000183105469,4059300,0.0,0
2021-05-21,86.68000030517578,87.05999755859375,85.2699966430664,85.6500015258789,2043900,0.0,0
2021-05-24,85.2699966430664,85.98999786376953,84.76000213623047,85.69000244140625,1578400,0.0,0
2021-05-25,84.77999877929688,85.06999969482422,83.97000122070312,84.08000183105469,2411200,0.0,0
2021-05-26,84.04000091552734,84.91999816894531,83.45999908447266,84.80000305175781,1854100,0.0,0
2021-05-27,87.33999633789062,87.83999633789062,86.93000030517578,87.73999786376953,2906800,0.0,0
2021-05-28,87.0999984741211,87.62000274658203,86.7699966430664,87.43000030517578,1860400,0.0,0
2021-06-01,90.37000274658203,91.08999633789062,89.97000122070312,90.80000305175781,4021000,0.0,0
2021-06-02,90.0,90.69999694824219,89.56999969482422,90.22000122070312,2391900,0.0,0
2021-06-03,88.75,88.79000091552734,87.83000183105469,88.51000213623047,2806400,0.0,0
2021-06-04,89.37999725341797,89.8499984741211,88.68000030517578,89.75,2470600,0.0,0
2021-06-07,89.37999725341797,89.4800033569336,87.75,88.12000274658203,2502100,0.0,0
2021-06-08,88.5,89.02999877929688,87.69000244140625,88.61000061035156,1555300,0.0,0
2021-06-09,87.5,87.62000274658203,86.52999877929688,86.87000274658203,2249400,0.0,0
2021-06-10,86.83000183105469,87.29000091552734,86.0999984741211,86.9000015258789,2038000,0.0,0
2021-06-11,87.72000122070312,88.16000366210938,87.18000030517578,87.4800033569336,1514600,0.0,0
2021-06-14,87.19999694824219,87.51000213623047,86.76000213623047,86.97000122070312,1519300,0.0,0
2021-06-15,86.30000305175781,86.63999938964844,85.36000061035156,86.41999816894531,2141000,0.0,0
2021-06-16,85.29000091552734,86.08999633789062,84.3499984741211,84.66000366210938,2211200,0.0,0
2021-06-17,83.54000091552734,84.02999877929688,82.41000366210938,83.0199966430664,3493900,0.0,0
2021-06-18,82.69999694824219,83.08000183105469,81.02999877929688,81.04000091552734,4617100,0.0,0
2021-06-21,80.9000015258789,82.5,80.61000061035156,82.08999633789062,2189100,0.0,0
2021-06-22,82.52999877929688,83.33999633789062,81.9800033569336,83.11000061035156,1347400,0.0,0
2021-06-23,84.38999938964844,84.69000244140625,83.5199966430664,83.72000122070312,1944000,0.0,0
2021-06-24,84.38999938964844,85.16999816894531,84.19000244140625,84.81999969482422,1370900,0.0,0
2021-06-25,85.33000183105469,85.76000213623047,85.0199966430664,85.0199966430664,1075800,0.0,0
2021-06-28,85.3499984741211,85.4800033569336,84.22000122070312,84.45999908447266,1330200,0.0,0
2021-06-29,84.9000015258789,85.19999694824219,84.19999694824219,84.61000061035156,1318700,0.0,0
2021-06-30,84.08000183105469,84.55000305175781,83.30999755859375,83.88999938964844,1242900,0.0,0
2021-07-01,84.04000091552734,84.19000244140625,82.51000213623047,82.72000122070312,1623300,0.0,0
2021-07-02,83.02999877929688,83.80000305175781,82.38999938964844,83.62999725341797,1306700,0.0,0
2021-07-06,84.0199966430664,84.08999633789062,81.91000366210938,82.44000244140625,1681800,0.0,0
2021-07-07,84.0999984741211,84.7300033569336,83.41000366210938,84.33000183105469,2363300,0.0,0
2021-07-08,81.63999938964844,82.94999694824219,80.98999786376953,82.4800033569336,2305100,0.0,0
2021-07-09,84.08999633789062,86.2300033569336,83.77999877929688,85.98999786376953,2000700,0.0,0
2021-07-12,85.0999984741211,86.30000305175781,84.9000015258789,86.02999877929688,1248700,0.0,0
2021-07-13,85.36000061035156,85.87000274658203,85.05999755859375,85.18000030517578,1156969,0.0,0
